0.05,0.52739,-0.1132,0.47338,0.949,-0.314,-0.027,-0.013
0.1,0.53211,-0.11444,0.47286,0.949,-0.314,-0.027,-0.013
0.15,0.53685,-0.11568,0.47228,0.949,-0.314,-0.027,-0.013
0.2,0.5416,-0.11686,0.47162,0.949,-0.314,-0.027,-0.013
0.25,0.54637,-0.11798,0.47082,0.949,-0.314,-0.027,-0.013
0.3,0.55117,-0.119,0.46983,0.949,-0.314,-0.027,-0.013
0.35,0.55599,-0.11988,0.46856,0.949,-0.314,-0.027,-0.013
0.4,0.56084,-0.12059,0.46696,0.949,-0.314,-0.027,-0.013
0.45,0.56569,-0.12099,0.46491,0.949,-0.314,-0.027,-0.013
0.5,0.57045,-0.1208,0.4623,0.949,-0.314,-0.027,-0.013
0.55,0.57502,-0.11962,0.45899,0.949,-0.314,-0.027,-0.013
0.6,0.57935,-0.11731,0.45488,0.949,-0.314,-0.027,-0.013
0.65,0.58362,-0.11443,0.45,0.949,-0.314,-0.027,-0.013
0.7,0.58812,-0.11189,0.44446,0.949,-0.314,-0.027,-0.013
0.75,0.59299,-0.11026,0.4384,0.949,-0.314,-0.027,-0.013
0.8,0.59817,-0.10948,0.4319,0.949,-0.314,-0.027,-0.013
0.85,0.60351,-0.10917,0.42501,0.949,-0.314,-0.027,-0.013
0.9,0.60886,-0.10905,0.41775,0.949,-0.314,-0.027,-0.013
0.95,0.61419,-0.10898,0.41016,0.949,-0.314,-0.027,-0.013
1,0.61946,-0.10894,0.40228,0.949,-0.314,-0.027,-0.013
1.05,0.62465,-0.10891,0.39416,0.949,-0.314,-0.027,-0.013
1.1,0.62976,-0.1089,0.38584,0.949,-0.314,-0.027,-0.013
1.15,0.63475,-0.10891,0.37737,0.949,-0.314,-0.027,-0.013
1.2,0.63964,-0.10893,0.36881,0.949,-0.314,-0.027,-0.013
1.25,0.64439,-0.10898,0.36018,0.949,-0.314,-0.027,-0.013
1.3,0.649,-0.10904,0.35155,0.949,-0.314,-0.027,-0.013
1.35,0.65345,-0.10912,0.34296,0.949,-0.314,-0.027,-0.013
1.4,0.65775,-0.10923,0.33446,0.949,-0.314,-0.027,-0.013
1.45,0.66187,-0.10936,0.32609,0.949,-0.314,-0.027,-0.013
1.5,0.66582,-0.10952,0.31789,0.949,-0.314,-0.027,-0.013
1.55,0.66959,-0.1097,0.3099,0.949,-0.314,-0.027,-0.013
1.6,0.67317,-0.10991,0.30216,0.949,-0.314,-0.027,-0.013
1.65,0.67656,-0.11015,0.2947,0.949,-0.314,-0.027,-0.013
1.7,0.67978,-0.11042,0.28755,0.949,-0.314,-0.027,-0.013
1.75,0.68282,-0.11072,0.28072,0.949,-0.314,-0.027,-0.013
1.8,0.68568,-0.11105,0.27423,0.949,-0.314,-0.027,-0.013
1.85,0.68839,-0.11142,0.2681,0.949,-0.314,-0.027,-0.013
1.9,0.69094,-0.11182,0.26231,0.949,-0.314,-0.027,-0.013
1.95,0.69335,-0.11227,0.25687,0.949,-0.314,-0.027,-0.013
2,0.69562,-0.11275,0.25177,0.949,-0.314,-0.027,-0.013
2.05,0.69777,-0.11326,0.247,0.949,-0.314,-0.027,-0.013
2.1,0.69981,-0.11382,0.24255,0.949,-0.314,-0.027,-0.013
2.15,0.70175,-0.11442,0.23841,0.949,-0.314,-0.027,-0.013
2.2,0.70359,-0.11506,0.23455,0.949,-0.314,-0.027,-0.013
2.25,0.70534,-0.11574,0.23097,0.949,-0.314,-0.027,-0.013
2.3,0.707,-0.11646,0.22765,0.949,-0.314,-0.027,-0.013
2.35,0.70859,-0.11722,0.22458,0.949,-0.314,-0.027,-0.013
2.4,0.71011,-0.11803,0.22173,0.949,-0.314,-0.027,-0.013
2.45,0.71156,-0.11888,0.21911,0.949,-0.314,-0.027,-0.013
2.5,0.71295,-0.11977,0.21669,0.949,-0.314,-0.027,-0.013
2.55,0.71428,-0.1207,0.21446,0.949,-0.314,-0.027,-0.013
2.6,0.71555,-0.12168,0.21241,0.949,-0.314,-0.027,-0.013
2.65,0.71677,-0.1227,0.21052,0.949,-0.314,-0.027,-0.013
2.7,0.71795,-0.12376,0.2088,0.949,-0.314,-0.027,-0.013
2.75,0.71907,-0.12487,0.20721,0.949,-0.314,-0.027,-0.013
2.8,0.72016,-0.12602,0.20575,0.949,-0.314,-0.027,-0.013
2.85,0.72121,-0.12722,0.20442,0.949,-0.314,-0.027,-0.013
2.9,0.72222,-0.12846,0.20319,0.949,-0.314,-0.027,-0.013
2.95,0.7232,-0.12975,0.20205,0.949,-0.314,-0.027,-0.013
3,0.72415,-0.13108,0.201,0.949,-0.314,-0.027,-0.013
3.05,0.72507,-0.13246,0.20002,0.949,-0.314,-0.027,-0.013
3.1,0.72597,-0.13388,0.19909,0.949,-0.314,-0.027,-0.013
3.15,0.72685,-0.13535,0.19822,0.949,-0.314,-0.027,-0.013
3.2,0.72771,-0.13687,0.19738,0.949,-0.314,-0.027,-0.013
3.25,0.72856,-0.13843,0.19656,0.949,-0.314,-0.027,-0.013
3.3,0.7294,-0.14003,0.19575,0.949,-0.314,-0.027,-0.013
3.35,0.73023,-0.14168,0.19493,0.949,-0.314,-0.027,-0.013
3.4,0.73105,-0.14338,0.19409,0.949,-0.314,-0.027,-0.013
3.45,0.73187,-0.14511,0.19322,0.949,-0.314,-0.027,-0.013
3.5,0.73269,-0.14689,0.19228,0.949,-0.314,-0.027,-0.013
3.55,0.73352,-0.1487,0.19127,0.949,-0.314,-0.027,-0.013
3.6,0.73435,-0.15054,0.19015,0.949,-0.314,-0.027,-0.013
3.65,0.73519,-0.15241,0.18889,0.949,-0.314,-0.027,-0.013
3.7,0.73603,-0.15429,0.18746,0.949,-0.314,-0.027,-0.013
3.75,0.73689,-0.15617,0.18582,0.949,-0.314,-0.027,-0.013
3.8,0.73776,-0.15804,0.18394,0.949,-0.314,-0.027,-0.013
3.85,0.73864,-0.15989,0.18177,0.949,-0.314,-0.027,-0.013
3.9,0.73953,-0.16169,0.17928,0.949,-0.314,-0.027,-0.013
3.95,0.74043,-0.16343,0.17643,0.949,-0.314,-0.027,-0.013
4,0.74135,-0.1651,0.17322,0.949,-0.314,-0.027,-0.013
4.05,0.74227,-0.16668,0.16961,0.949,-0.314,-0.027,-0.013
4.1,0.7432,-0.16816,0.16561,0.949,-0.314,-0.027,-0.013
4.15,0.74414,-0.16954,0.16123,0.949,-0.314,-0.027,-0.013
4.2,0.74509,-0.17081,0.15647,0.949,-0.314,-0.027,-0.013
4.25,0.74604,-0.17195,0.15136,0.949,-0.314,-0.027,-0.013
4.3,0.74701,-0.17299,0.14593,0.949,-0.314,-0.027,-0.013
4.35,0.74798,-0.1739,0.14019,0.949,-0.314,-0.027,-0.013
4.4,0.74897,-0.1747,0.1342,0.949,-0.314,-0.027,-0.013
4.45,0.74996,-0.1754,0.12798,0.949,-0.314,-0.027,-0.013
4.5,0.75097,-0.17598,0.12157,0.949,-0.314,-0.027,-0.013
4.55,0.75199,-0.17647,0.11502,0.949,-0.314,-0.027,-0.013
4.6,0.75303,-0.17686,0.10835,0.949,-0.314,-0.027,-0.013
4.65,0.75408,-0.17716,0.10162,0.949,-0.314,-0.027,-0.013
4.7,0.75515,-0.17739,0.094869,0.949,-0.314,-0.027,-0.013
4.75,0.75624,-0.17754,0.088128,0.949,-0.314,-0.027,-0.013
4.8,0.75736,-0.17762,0.08144,0.949,-0.314,-0.027,-0.013
4.85,0.7585,-0.17765,0.074845,0.949,-0.314,-0.027,-0.013
4.9,0.75966,-0.17762,0.068381,0.949,-0.314,-0.027,-0.013
4.95,0.76085,-0.17756,0.062083,0.949,-0.314,-0.027,-0.013
5,0.76208,-0.17746,0.055984,0.949,-0.314,-0.027,-0.013
