0.05,0.74195,-0.4364,0.44029,0.949,-0.314,-0.027,-0.013
0.1,0.7445,-0.43439,0.4401,0.949,-0.314,-0.027,-0.013
0.15,0.74706,-0.43237,0.43985,0.949,-0.314,-0.027,-0.013
0.2,0.74963,-0.4303,0.43951,0.949,-0.314,-0.027,-0.013
0.25,0.75221,-0.42816,0.43904,0.949,-0.314,-0.027,-0.013
0.3,0.75482,-0.42592,0.43838,0.949,-0.314,-0.027,-0.013
0.35,0.75746,-0.42355,0.43744,0.949,-0.314,-0.027,-0.013
0.4,0.76013,-0.421,0.43617,0.949,-0.314,-0.027,-0.013
0.45,0.7628,-0.41814,0.43445,0.949,-0.314,-0.027,-0.013
0.5,0.76538,-0.4147,0.43217,0.949,-0.314,-0.027,-0.013
0.55,0.76777,-0.41026,0.42918,0.949,-0.314,-0.027,-0.013
0.6,0.76991,-0.4047,0.4254,0.949,-0.314,-0.027,-0.013
0.65,0.772,-0.39856,0.42085,0.949,-0.314,-0.027,-0.013
0.7,0.77432,-0.39276,0.41563,0.949,-0.314,-0.027,-0.013
0.75,0.77701,-0.38788,0.4099,0.949,-0.314,-0.027,-0.013
0.8,0.78001,-0.38384,0.40374,0.949,-0.314,-0.027,-0.013
0.85,0.78316,-0.38028,0.39717,0.949,-0.314,-0.027,-0.013
0.9,0.78634,-0.3769,0.39024,0.949,-0.314,-0.027,-0.013
0.95,0.78948,-0.37358,0.38298,0.949,-0.314,-0.027,-0.013
1,0.79257,-0.37028,0.37543,0.949,-0.314,-0.027,-0.013
1.05,0.79558,-0.367,0.36764,0.949,-0.314,-0.027,-0.013
1.1,0.7985,-0.36373,0.35965,0.949,-0.314,-0.027,-0.013
1.15,0.80131,-0.36048,0.35151,0.949,-0.314,-0.027,-0.013
1.2,0.80401,-0.35725,0.34327,0.949,-0.314,-0.027,-0.013
1.25,0.80658,-0.35404,0.33497,0.949,-0.314,-0.027,-0.013
1.3,0.80901,-0.35084,0.32667,0.949,-0.314,-0.027,-0.013
1.35,0.81129,-0.34767,0.31841,0.949,-0.314,-0.027,-0.013
1.4,0.8134,-0.34452,0.31024,0.949,-0.314,-0.027,-0.013
1.45,0.81534,-0.3414,0.30219,0.949,-0.314,-0.027,-0.013
1.5,0.8171,-0.3383,0.29432,0.949,-0.314,-0.027,-0.013
1.55,0.81869,-0.33522,0.28666,0.949,-0.314,-0.027,-0.013
1.6,0.82009,-0.33218,0.27925,0.949,-0.314,-0.027,-0.013
1.65,0.8213,-0.32916,0.27212,0.949,-0.314,-0.027,-0.013
1.7,0.82233,-0.32617,0.26529,0.949,-0.314,-0.027,-0.013
1.75,0.82319,-0.32322,0.25879,0.949,-0.314,-0.027,-0.013
1.8,0.82387,-0.3203,0.25263,0.949,-0.314,-0.027,-0.013
1.85,0.8244,-0.31741,0.24683,0.949,-0.314,-0.027,-0.013
1.9,0.82477,-0.31456,0.24137,0.949,-0.314,-0.027,-0.013
1.95,0.82499,-0.31174,0.23626,0.949,-0.314,-0.027,-0.013
2,0.82508,-0.30897,0.23149,0.949,-0.314,-0.027,-0.013
2.05,0.82505,-0.30623,0.22705,0.949,-0.314,-0.027,-0.013
2.1,0.82491,-0.30353,0.22292,0.949,-0.314,-0.027,-0.013
2.15,0.82466,-0.30087,0.21911,0.949,-0.314,-0.027,-0.013
2.2,0.82432,-0.29826,0.21558,0.949,-0.314,-0.027,-0.013
2.25,0.82389,-0.29568,0.21233,0.949,-0.314,-0.027,-0.013
2.3,0.82337,-0.29315,0.20933,0.949,-0.314,-0.027,-0.013
2.35,0.82278,-0.29065,0.20659,0.949,-0.314,-0.027,-0.013
2.4,0.82212,-0.2882,0.20407,0.949,-0.314,-0.027,-0.013
2.45,0.82138,-0.28579,0.20178,0.949,-0.314,-0.027,-0.013
2.5,0.82059,-0.28343,0.19968,0.949,-0.314,-0.027,-0.013
2.55,0.81974,-0.28111,0.19778,0.949,-0.314,-0.027,-0.013
2.6,0.81883,-0.27883,0.19606,0.949,-0.314,-0.027,-0.013
2.65,0.81787,-0.27659,0.19451,0.949,-0.314,-0.027,-0.013
2.7,0.81686,-0.2744,0.19311,0.949,-0.314,-0.027,-0.013
2.75,0.8158,-0.27225,0.19185,0.949,-0.314,-0.027,-0.013
2.8,0.81471,-0.27015,0.19072,0.949,-0.314,-0.027,-0.013
2.85,0.81357,-0.26809,0.18971,0.949,-0.314,-0.027,-0.013
2.9,0.8124,-0.26608,0.18881,0.949,-0.314,-0.027,-0.013
2.95,0.8112,-0.26411,0.188,0.949,-0.314,-0.027,-0.013
3,0.80996,-0.26218,0.18728,0.949,-0.314,-0.027,-0.013
3.05,0.80871,-0.2603,0.18663,0.949,-0.314,-0.027,-0.013
3.1,0.80742,-0.25847,0.18603,0.949,-0.314,-0.027,-0.013
3.15,0.80612,-0.25668,0.18549,0.949,-0.314,-0.027,-0.013
3.2,0.8048,-0.25494,0.18497,0.949,-0.314,-0.027,-0.013
3.25,0.80347,-0.25325,0.18448,0.949,-0.314,-0.027,-0.013
3.3,0.80212,-0.2516,0.184,0.949,-0.314,-0.027,-0.013
3.35,0.80077,-0.24999,0.18351,0.949,-0.314,-0.027,-0.013
3.4,0.79941,-0.24843,0.183,0.949,-0.314,-0.027,-0.013
3.45,0.79805,-0.24691,0.18245,0.949,-0.314,-0.027,-0.013
3.5,0.79669,-0.24543,0.18185,0.949,-0.314,-0.027,-0.013
3.55,0.79533,-0.24399,0.18116,0.949,-0.314,-0.027,-0.013
3.6,0.79398,-0.24257,0.18037,0.949,-0.314,-0.027,-0.013
3.65,0.79263,-0.24118,0.17944,0.949,-0.314,-0.027,-0.013
3.7,0.7913,-0.23981,0.17834,0.949,-0.314,-0.027,-0.013
3.75,0.78997,-0.23843,0.17703,0.949,-0.314,-0.027,-0.013
3.8,0.78866,-0.23705,0.17547,0.949,-0.314,-0.027,-0.013
3.85,0.78736,-0.23564,0.17363,0.949,-0.314,-0.027,-0.013
3.9,0.78607,-0.23418,0.17147,0.949,-0.314,-0.027,-0.013
3.95,0.78479,-0.23267,0.16895,0.949,-0.314,-0.027,-0.013
4,0.78352,-0.23108,0.16606,0.949,-0.314,-0.027,-0.013
4.05,0.78226,-0.22941,0.16279,0.949,-0.314,-0.027,-0.013
4.1,0.78101,-0.22763,0.15912,0.949,-0.314,-0.027,-0.013
4.15,0.77977,-0.22575,0.15506,0.949,-0.314,-0.027,-0.013
4.2,0.77853,-0.22376,0.15063,0.949,-0.314,-0.027,-0.013
4.25,0.77731,-0.22165,0.14585,0.949,-0.314,-0.027,-0.013
4.3,0.77609,-0.21943,0.14074,0.949,-0.314,-0.027,-0.013
4.35,0.77488,-0.21709,0.13534,0.949,-0.314,-0.027,-0.013
4.4,0.77368,-0.21464,0.12967,0.949,-0.314,-0.027,-0.013
4.45,0.7725,-0.21207,0.12378,0.949,-0.314,-0.027,-0.013
4.5,0.77132,-0.2094,0.1177,0.949,-0.314,-0.027,-0.013
4.55,0.77016,-0.20663,0.11148,0.949,-0.314,-0.027,-0.013
4.6,0.76901,-0.20377,0.10514,0.949,-0.314,-0.027,-0.013
4.65,0.76788,-0.20082,0.098741,0.949,-0.314,-0.027,-0.013
4.7,0.76677,-0.19778,0.092314,0.949,-0.314,-0.027,-0.013
4.75,0.76568,-0.19468,0.0859,0.949,-0.314,-0.027,-0.013
4.8,0.76461,-0.19151,0.079541,0.949,-0.314,-0.027,-0.013
4.85,0.76357,-0.18828,0.073275,0.949,-0.314,-0.027,-0.013
4.9,0.76255,-0.18499,0.067139,0.949,-0.314,-0.027,-0.013
4.95,0.76156,-0.18167,0.061169,0.949,-0.314,-0.027,-0.013
5,0.7606,-0.17832,0.055398,0.949,-0.314,-0.027,-0.013
