0.05,0.85601,0.15716,0.35857,0.949,-0.314,-0.027,-0.013
0.1,0.85744,0.15319,0.35914,0.949,-0.314,-0.027,-0.013
0.15,0.85888,0.14923,0.35965,0.949,-0.314,-0.027,-0.013
0.2,0.86034,0.14532,0.36007,0.949,-0.314,-0.027,-0.013
0.25,0.86181,0.14148,0.36036,0.949,-0.314,-0.027,-0.013
0.3,0.8633,0.13774,0.36046,0.949,-0.314,-0.027,-0.013
0.35,0.86483,0.13413,0.36028,0.949,-0.314,-0.027,-0.013
0.4,0.86638,0.1307,0.35977,0.949,-0.314,-0.027,-0.013
0.45,0.86793,0.12758,0.35881,0.949,-0.314,-0.027,-0.013
0.5,0.8694,0.12505,0.35729,0.949,-0.314,-0.027,-0.013
0.55,0.87066,0.12351,0.35507,0.949,-0.314,-0.027,-0.013
0.6,0.8717,0.12309,0.35204,0.949,-0.314,-0.027,-0.013
0.65,0.87267,0.12324,0.34825,0.949,-0.314,-0.027,-0.013
0.7,0.87387,0.12306,0.34379,0.949,-0.314,-0.027,-0.013
0.75,0.87544,0.12197,0.33882,0.949,-0.314,-0.027,-0.013
0.8,0.87733,0.12002,0.33342,0.949,-0.314,-0.027,-0.013
0.85,0.87936,0.11761,0.32762,0.949,-0.314,-0.027,-0.013
0.9,0.88142,0.11501,0.32144,0.949,-0.314,-0.027,-0.013
0.95,0.88345,0.11235,0.31494,0.949,-0.314,-0.027,-0.013
1,0.88542,0.10967,0.30815,0.949,-0.314,-0.027,-0.013
1.05,0.88732,0.10697,0.30112,0.949,-0.314,-0.027,-0.013
1.1,0.88912,0.10426,0.29389,0.949,-0.314,-0.027,-0.013
1.15,0.89082,0.10153,0.28651,0.949,-0.314,-0.027,-0.013
1.2,0.8924,0.098781,0.27903,0.949,-0.314,-0.027,-0.013
1.25,0.89386,0.096014,0.2715,0.949,-0.314,-0.027,-0.013
1.3,0.89517,0.093227,0.26396,0.949,-0.314,-0.027,-0.013
1.35,0.89633,0.090418,0.25646,0.949,-0.314,-0.027,-0.013
1.4,0.89732,0.087588,0.24904,0.949,-0.314,-0.027,-0.013
1.45,0.89815,0.084733,0.24176,0.949,-0.314,-0.027,-0.013
1.5,0.8988,0.081854,0.23464,0.949,-0.314,-0.027,-0.013
1.55,0.89927,0.078949,0.22774,0.949,-0.314,-0.027,-0.013
1.6,0.89955,0.076016,0.22109,0.949,-0.314,-0.027,-0.013
1.65,0.89965,0.073054,0.21472,0.949,-0.314,-0.027,-0.013
1.7,0.89956,0.070061,0.20866,0.949,-0.314,-0.027,-0.013
1.75,0.8993,0.067037,0.20292,0.949,-0.314,-0.027,-0.013
1.8,0.89887,0.063979,0.19752,0.949,-0.314,-0.027,-0.013
1.85,0.89828,0.060886,0.19247,0.949,-0.314,-0.027,-0.013
1.9,0.89753,0.057758,0.18777,0.949,-0.314,-0.027,-0.013
1.95,0.89664,0.054593,0.18342,0.949,-0.314,-0.027,-0.013
2,0.89562,0.051389,0.17941,0.949,-0.314,-0.027,-0.013
2.05,0.89447,0.048147,0.17573,0.949,-0.314,-0.027,-0.013
2.1,0.89321,0.044866,0.17237,0.949,-0.314,-0.027,-0.013
2.15,0.89185,0.041544,0.16932,0.949,-0.314,-0.027,-0.013
2.2,0.89039,0.038182,0.16655,0.949,-0.314,-0.027,-0.013
2.25,0.88884,0.034778,0.16406,0.949,-0.314,-0.027,-0.013
2.3,0.88721,0.031333,0.16182,0.949,-0.314,-0.027,-0.013
2.35,0.8855,0.027846,0.15984,0.949,-0.314,-0.027,-0.013
2.4,0.88372,0.024317,0.15808,0.949,-0.314,-0.027,-0.013
2.45,0.88187,0.020746,0.15655,0.949,-0.314,-0.027,-0.013
2.5,0.87996,0.017132,0.15521,0.949,-0.314,-0.027,-0.013
2.55,0.87799,0.013474,0.15407,0.949,-0.314,-0.027,-0.013
2.6,0.87597,0.0097738,0.15311,0.949,-0.314,-0.027,-0.013
2.65,0.87389,0.0060297,0.15232,0.949,-0.314,-0.027,-0.013
2.7,0.87177,0.0022418,0.15168,0.949,-0.314,-0.027,-0.013
2.75,0.8696,-0.0015902,0.15118,0.949,-0.314,-0.027,-0.013
2.8,0.86738,-0.0054665,0.15081,0.949,-0.314,-0.027,-0.013
2.85,0.86513,-0.0093873,0.15057,0.949,-0.314,-0.027,-0.013
2.9,0.86285,-0.013353,0.15042,0.949,-0.314,-0.027,-0.013
2.95,0.86053,-0.017363,0.15038,0.949,-0.314,-0.027,-0.013
3,0.85818,-0.021419,0.15041,0.949,-0.314,-0.027,-0.013
3.05,0.8558,-0.02552,0.15052,0.949,-0.314,-0.027,-0.013
3.1,0.8534,-0.029667,0.15069,0.949,-0.314,-0.027,-0.013
3.15,0.85099,-0.033859,0.1509,0.949,-0.314,-0.027,-0.013
3.2,0.84855,-0.038098,0.15115,0.949,-0.314,-0.027,-0.013
3.25,0.8461,-0.042381,0.15142,0.949,-0.314,-0.027,-0.013
3.3,0.84364,-0.046711,0.15169,0.949,-0.314,-0.027,-0.013
3.35,0.84117,-0.051085,0.15197,0.949,-0.314,-0.027,-0.013
3.4,0.83869,-0.055503,0.15222,0.949,-0.314,-0.027,-0.013
3.45,0.83622,-0.059963,0.15243,0.949,-0.314,-0.027,-0.013
3.5,0.83374,-0.064462,0.15258,0.949,-0.314,-0.027,-0.013
3.55,0.83127,-0.068998,0.15266,0.949,-0.314,-0.027,-0.013
3.6,0.8288,-0.073564,0.15262,0.949,-0.314,-0.027,-0.013
3.65,0.82634,-0.078153,0.15245,0.949,-0.314,-0.027,-0.013
3.7,0.82389,-0.082757,0.15211,0.949,-0.314,-0.027,-0.013
3.75,0.82145,-0.087363,0.15157,0.949,-0.314,-0.027,-0.013
3.8,0.81902,-0.091958,0.15077,0.949,-0.314,-0.027,-0.013
3.85,0.8166,-0.096527,0.14969,0.949,-0.314,-0.027,-0.013
3.9,0.81419,-0.10105,0.14829,0.949,-0.314,-0.027,-0.013
3.95,0.8118,-0.10552,0.14653,0.949,-0.314,-0.027,-0.013
4,0.80941,-0.10991,0.1444,0.949,-0.314,-0.027,-0.013
4.05,0.80704,-0.11422,0.14189,0.949,-0.314,-0.027,-0.013
4.1,0.80467,-0.11842,0.13898,0.949,-0.314,-0.027,-0.013
4.15,0.80231,-0.12252,0.13568,0.949,-0.314,-0.027,-0.013
4.2,0.79996,-0.12651,0.13201,0.949,-0.314,-0.027,-0.013
4.25,0.79762,-0.13038,0.12799,0.949,-0.314,-0.027,-0.013
4.3,0.79528,-0.13414,0.12364,0.949,-0.314,-0.027,-0.013
4.35,0.79296,-0.13778,0.119,0.949,-0.314,-0.027,-0.013
4.4,0.79065,-0.14131,0.11409,0.949,-0.314,-0.027,-0.013
4.45,0.78834,-0.14472,0.10896,0.949,-0.314,-0.027,-0.013
4.5,0.78605,-0.14803,0.10364,0.949,-0.314,-0.027,-0.013
4.55,0.78378,-0.15124,0.098178,0.949,-0.314,-0.027,-0.013
4.6,0.78151,-0.15436,0.092604,0.949,-0.314,-0.027,-0.013
4.65,0.77927,-0.15738,0.086963,0.949,-0.314,-0.027,-0.013
4.7,0.77704,-0.16033,0.081296,0.949,-0.314,-0.027,-0.013
4.75,0.77483,-0.1632,0.075644,0.949,-0.314,-0.027,-0.013
4.8,0.77265,-0.16601,0.070045,0.949,-0.314,-0.027,-0.013
4.85,0.77049,-0.16876,0.064539,0.949,-0.314,-0.027,-0.013
4.9,0.76835,-0.17146,0.059163,0.949,-0.314,-0.027,-0.013
4.95,0.76625,-0.17412,0.053953,0.949,-0.314,-0.027,-0.013
5,0.76418,-0.17674,0.048943,0.949,-0.314,-0.027,-0.013
