0.05,0.50227,-0.093036,0.33282,0.949,-0.314,-0.027,-0.013
0.1,0.5072,-0.094548,0.33371,0.949,-0.314,-0.027,-0.013
0.15,0.51214,-0.096044,0.33454,0.949,-0.314,-0.027,-0.013
0.2,0.5171,-0.097497,0.33528,0.949,-0.314,-0.027,-0.013
0.25,0.52207,-0.098878,0.33589,0.949,-0.314,-0.027,-0.013
0.3,0.52707,-0.10016,0.3363,0.949,-0.314,-0.027,-0.013
0.35,0.53209,-0.10131,0.33644,0.949,-0.314,-0.027,-0.013
0.4,0.53715,-0.10228,0.33624,0.949,-0.314,-0.027,-0.013
0.45,0.5422,-0.10295,0.3356,0.949,-0.314,-0.027,-0.013
0.5,0.54717,-0.10302,0.3344,0.949,-0.314,-0.027,-0.013
0.55,0.55194,-0.1021,0.3325,0.949,-0.314,-0.027,-0.013
0.6,0.55647,-0.10007,0.3298,0.949,-0.314,-0.027,-0.013
0.65,0.56095,-0.09745,0.32632,0.949,-0.314,-0.027,-0.013
0.7,0.56565,-0.095174,0.32218,0.949,-0.314,-0.027,-0.013
0.75,0.57072,-0.093809,0.31753,0.949,-0.314,-0.027,-0.013
0.8,0.57611,-0.093293,0.31244,0.949,-0.314,-0.027,-0.013
0.85,0.58164,-0.093251,0.30696,0.949,-0.314,-0.027,-0.013
0.9,0.5872,-0.093393,0.30111,0.949,-0.314,-0.027,-0.013
0.95,0.59274,-0.093592,0.29492,0.949,-0.314,-0.027,-0.013
1,0.59821,-0.093814,0.28845,0.949,-0.314,-0.027,-0.013
1.05,0.6036,-0.094052,0.28173,0.949,-0.314,-0.027,-0.013
1.1,0.60891,-0.094306,0.27482,0.949,-0.314,-0.027,-0.013
1.15,0.61411,-0.094578,0.26776,0.949,-0.314,-0.027,-0.013
1.2,0.61919,-0.094868,0.2606,0.949,-0.314,-0.027,-0.013
1.25,0.62415,-0.095176,0.25339,0.949,-0.314,-0.027,-0.013
1.3,0.62896,-0.095505,0.24616,0.949,-0.314,-0.027,-0.013
1.35,0.63362,-0.095855,0.23898,0.949,-0.314,-0.027,-0.013
1.4,0.63812,-0.096227,0.23188,0.949,-0.314,-0.027,-0.013
1.45,0.64245,-0.096622,0.22492,0.949,-0.314,-0.027,-0.013
1.5,0.6466,-0.097043,0.21812,0.949,-0.314,-0.027,-0.013
1.55,0.65057,-0.09749,0.21154,0.949,-0.314,-0.027,-0.013
1.6,0.65435,-0.097964,0.20521,0.949,-0.314,-0.027,-0.013
1.65,0.65795,-0.098468,0.19916,0.949,-0.314,-0.027,-0.013
1.7,0.66137,-0.099002,0.19341,0.949,-0.314,-0.027,-0.013
1.75,0.66461,-0.099568,0.18799,0.949,-0.314,-0.027,-0.013
1.8,0.66768,-0.10017,0.18291,0.949,-0.314,-0.027,-0.013
1.85,0.67059,-0.1008,0.17818,0.949,-0.314,-0.027,-0.013
1.9,0.67334,-0.10147,0.1738,0.949,-0.314,-0.027,-0.013
1.95,0.67595,-0.10218,0.16977,0.949,-0.314,-0.027,-0.013
2,0.67843,-0.10292,0.16608,0.949,-0.314,-0.027,-0.013
2.05,0.68079,-0.10371,0.16272,0.949,-0.314,-0.027,-0.013
2.1,0.68303,-0.10453,0.15967,0.949,-0.314,-0.027,-0.013
2.15,0.68517,-0.10539,0.15693,0.949,-0.314,-0.027,-0.013
2.2,0.68721,-0.1063,0.15448,0.949,-0.314,-0.027,-0.013
2.25,0.68916,-0.10724,0.15231,0.949,-0.314,-0.027,-0.013
2.3,0.69103,-0.10823,0.1504,0.949,-0.314,-0.027,-0.013
2.35,0.69283,-0.10926,0.14873,0.949,-0.314,-0.027,-0.013
2.4,0.69455,-0.11033,0.14729,0.949,-0.314,-0.027,-0.013
2.45,0.6962,-0.11144,0.14607,0.949,-0.314,-0.027,-0.013
2.5,0.69779,-0.11259,0.14506,0.949,-0.314,-0.027,-0.013
2.55,0.69932,-0.11379,0.14424,0.949,-0.314,-0.027,-0.013
2.6,0.7008,-0.11504,0.14359,0.949,-0.314,-0.027,-0.013
2.65,0.70222,-0.11632,0.14312,0.949,-0.314,-0.027,-0.013
2.7,0.7036,-0.11765,0.1428,0.949,-0.314,-0.027,-0.013
2.75,0.70493,-0.11902,0.14262,0.949,-0.314,-0.027,-0.013
2.8,0.70622,-0.12044,0.14257,0.949,-0.314,-0.027,-0.013
2.85,0.70747,-0.1219,0.14264,0.949,-0.314,-0.027,-0.013
2.9,0.70868,-0.12341,0.14282,0.949,-0.314,-0.027,-0.013
2.95,0.70987,-0.12496,0.14309,0.949,-0.314,-0.027,-0.013
3,0.71102,-0.12656,0.14344,0.949,-0.314,-0.027,-0.013
3.05,0.71215,-0.1282,0.14387,0.949,-0.314,-0.027,-0.013
3.1,0.71325,-0.12989,0.14435,0.949,-0.314,-0.027,-0.013
3.15,0.71433,-0.13162,0.14488,0.949,-0.314,-0.027,-0.013
3.2,0.7154,-0.1334,0.14545,0.949,-0.314,-0.027,-0.013
3.25,0.71645,-0.13523,0.14604,0.949,-0.314,-0.027,-0.013
3.3,0.71749,-0.1371,0.14663,0.949,-0.314,-0.027,-0.013
3.35,0.71852,-0.13901,0.14722,0.949,-0.314,-0.027,-0.013
3.4,0.71955,-0.14097,0.14779,0.949,-0.314,-0.027,-0.013
3.45,0.72057,-0.14298,0.14832,0.949,-0.314,-0.027,-0.013
3.5,0.7216,-0.14502,0.1488,0.949,-0.314,-0.027,-0.013
3.55,0.72263,-0.14709,0.14919,0.949,-0.314,-0.027,-0.013
3.6,0.72366,-0.1492,0.14947,0.949,-0.314,-0.027,-0.013
3.65,0.7247,-0.15133,0.14962,0.949,-0.314,-0.027,-0.013
3.7,0.72575,-0.15348,0.1496,0.949,-0.314,-0.027,-0.013
3.75,0.72681,-0.15562,0.14937,0.949,-0.314,-0.027,-0.013
3.8,0.72788,-0.15776,0.14889,0.949,-0.314,-0.027,-0.013
3.85,0.72897,-0.15987,0.14813,0.949,-0.314,-0.027,-0.013
3.9,0.73006,-0.16194,0.14704,0.949,-0.314,-0.027,-0.013
3.95,0.73117,-0.16395,0.14561,0.949,-0.314,-0.027,-0.013
4,0.73228,-0.16588,0.1438,0.949,-0.314,-0.027,-0.013
4.05,0.73341,-0.16773,0.1416,0.949,-0.314,-0.027,-0.013
4.1,0.73454,-0.16947,0.13901,0.949,-0.314,-0.027,-0.013
4.15,0.73569,-0.17112,0.13603,0.949,-0.314,-0.027,-0.013
4.2,0.73684,-0.17265,0.13268,0.949,-0.314,-0.027,-0.013
4.25,0.738,-0.17406,0.12898,0.949,-0.314,-0.027,-0.013
4.3,0.73916,-0.17536,0.12495,0.949,-0.314,-0.027,-0.013
4.35,0.74034,-0.17654,0.12062,0.949,-0.314,-0.027,-0.013
4.4,0.74153,-0.1776,0.11604,0.949,-0.314,-0.027,-0.013
4.45,0.74273,-0.17856,0.11122,0.949,-0.314,-0.027,-0.013
4.5,0.74394,-0.17941,0.10622,0.949,-0.314,-0.027,-0.013
4.55,0.74516,-0.18016,0.10107,0.949,-0.314,-0.027,-0.013
4.6,0.7464,-0.18082,0.095819,0.949,-0.314,-0.027,-0.013
4.65,0.74766,-0.18139,0.090496,0.949,-0.314,-0.027,-0.013
4.7,0.74893,-0.18188,0.085147,0.949,-0.314,-0.027,-0.013
4.75,0.75023,-0.18229,0.079813,0.949,-0.314,-0.027,-0.013
4.8,0.75154,-0.18264,0.074532,0.949,-0.314,-0.027,-0.013
4.85,0.75288,-0.18293,0.069344,0.949,-0.314,-0.027,-0.013
4.9,0.75425,-0.18317,0.064287,0.949,-0.314,-0.027,-0.013
4.95,0.75565,-0.18337,0.059395,0.949,-0.314,-0.027,-0.013
5,0.75707,-0.18354,0.054704,0.949,-0.314,-0.027,-0.013
