0.05,0.53644,0.14973,0.30624,0.949,-0.314,-0.027,-0.013
0.1,0.54106,0.14581,0.3074,0.949,-0.314,-0.027,-0.013
0.15,0.54568,0.1419,0.3085,0.949,-0.314,-0.027,-0.013
0.2,0.55032,0.13803,0.30952,0.949,-0.314,-0.027,-0.013
0.25,0.55497,0.13424,0.3104,0.949,-0.314,-0.027,-0.013
0.3,0.55965,0.13055,0.31108,0.949,-0.314,-0.027,-0.013
0.35,0.56436,0.12698,0.3115,0.949,-0.314,-0.027,-0.013
0.4,0.5691,0.1236,0.31158,0.949,-0.314,-0.027,-0.013
0.45,0.57383,0.12052,0.31121,0.949,-0.314,-0.027,-0.013
0.5,0.57848,0.11803,0.31028,0.949,-0.314,-0.027,-0.013
0.55,0.58293,0.11654,0.30865,0.949,-0.314,-0.027,-0.013
0.6,0.58715,0.11616,0.30622,0.949,-0.314,-0.027,-0.013
0.65,0.59131,0.11636,0.30302,0.949,-0.314,-0.027,-0.013
0.7,0.59569,0.11623,0.29916,0.949,-0.314,-0.027,-0.013
0.75,0.60045,0.11518,0.29478,0.949,-0.314,-0.027,-0.013
0.8,0.60552,0.11328,0.28997,0.949,-0.314,-0.027,-0.013
0.85,0.61073,0.11091,0.28476,0.949,-0.314,-0.027,-0.013
0.9,0.61598,0.10836,0.27918,0.949,-0.314,-0.027,-0.013
0.95,0.62119,0.10574,0.27327,0.949,-0.314,-0.027,-0.013
1,0.62635,0.10311,0.26707,0.949,-0.314,-0.027,-0.013
1.05,0.63142,0.10046,0.26063,0.949,-0.314,-0.027,-0.013
1.1,0.63641,0.097791,0.25399,0.949,-0.314,-0.027,-0.013
1.15,0.6413,0.095106,0.2472,0.949,-0.314,-0.027,-0.013
1.2,0.64606,0.092404,0.24032,0.949,-0.314,-0.027,-0.013
1.25,0.6507,0.089682,0.23338,0.949,-0.314,-0.027,-0.013
1.3,0.6552,0.086941,0.22643,0.949,-0.314,-0.027,-0.013
1.35,0.65954,0.084178,0.21952,0.949,-0.314,-0.027,-0.013
1.4,0.66372,0.081393,0.21269,0.949,-0.314,-0.027,-0.013
1.45,0.66773,0.078584,0.206,0.949,-0.314,-0.027,-0.013
1.5,0.67156,0.07575,0.19948,0.949,-0.314,-0.027,-0.013
1.55,0.67521,0.07289,0.19317,0.949,-0.314,-0.027,-0.013
1.6,0.67868,0.070003,0.18712,0.949,-0.314,-0.027,-0.013
1.65,0.68196,0.067086,0.18134,0.949,-0.314,-0.027,-0.013
1.7,0.68506,0.064139,0.17586,0.949,-0.314,-0.027,-0.013
1.75,0.68799,0.06116,0.17072,0.949,-0.314,-0.027,-0.013
1.8,0.69074,0.058148,0.16591,0.949,-0.314,-0.027,-0.013
1.85,0.69333,0.055101,0.16146,0.949,-0.314,-0.027,-0.013
1.9,0.69576,0.052018,0.15735,0.949,-0.314,-0.027,-0.013
1.95,0.69806,0.048898,0.15359,0.949,-0.314,-0.027,-0.013
2,0.70022,0.04574,0.15017,0.949,-0.314,-0.027,-0.013
2.05,0.70226,0.042543,0.14709,0.949,-0.314,-0.027,-0.013
2.1,0.70418,0.039307,0.14432,0.949,-0.314,-0.027,-0.013
2.15,0.706,0.036031,0.14185,0.949,-0.314,-0.027,-0.013
2.2,0.70773,0.032714,0.13968,0.949,-0.314,-0.027,-0.013
2.25,0.70936,0.029356,0.13778,0.949,-0.314,-0.027,-0.013
2.3,0.71092,0.025957,0.13614,0.949,-0.314,-0.027,-0.013
2.35,0.71239,0.022515,0.13474,0.949,-0.314,-0.027,-0.013
2.4,0.71379,0.019032,0.13358,0.949,-0.314,-0.027,-0.013
2.45,0.71513,0.015506,0.13263,0.949,-0.314,-0.027,-0.013
2.5,0.7164,0.011937,0.13189,0.949,-0.314,-0.027,-0.013
2.55,0.71762,0.0083249,0.13135,0.949,-0.314,-0.027,-0.013
2.6,0.71878,0.0046697,0.13098,0.949,-0.314,-0.027,-0.013
2.65,0.71988,0.00097091,0.13077,0.949,-0.314,-0.027,-0.013
2.7,0.72094,-0.0027717,0.13073,0.949,-0.314,-0.027,-0.013
2.75,0.72195,-0.0065583,0.13082,0.949,-0.314,-0.027,-0.013
2.8,0.72293,-0.010389,0.13105,0.949,-0.314,-0.027,-0.013
2.85,0.72386,-0.014265,0.13139,0.949,-0.314,-0.027,-0.013
2.9,0.72476,-0.018185,0.13184,0.949,-0.314,-0.027,-0.013
2.95,0.72562,-0.02215,0.13239,0.949,-0.314,-0.027,-0.013
3,0.72646,-0.026161,0.13301,0.949,-0.314,-0.027,-0.013
3.05,0.72726,-0.030216,0.13371,0.949,-0.314,-0.027,-0.013
3.1,0.72805,-0.034318,0.13447,0.949,-0.314,-0.027,-0.013
3.15,0.72881,-0.038465,0.13528,0.949,-0.314,-0.027,-0.013
3.2,0.72956,-0.042658,0.13612,0.949,-0.314,-0.027,-0.013
3.25,0.7303,-0.046896,0.13698,0.949,-0.314,-0.027,-0.013
3.3,0.73102,-0.05118,0.13785,0.949,-0.314,-0.027,-0.013
3.35,0.73173,-0.055509,0.13871,0.949,-0.314,-0.027,-0.013
3.4,0.73244,-0.059882,0.13955,0.949,-0.314,-0.027,-0.013
3.45,0.73315,-0.064296,0.14036,0.949,-0.314,-0.027,-0.013
3.5,0.73386,-0.068751,0.1411,0.949,-0.314,-0.027,-0.013
3.55,0.73457,-0.073241,0.14177,0.949,-0.314,-0.027,-0.013
3.6,0.73528,-0.077762,0.14233,0.949,-0.314,-0.027,-0.013
3.65,0.73601,-0.082306,0.14275,0.949,-0.314,-0.027,-0.013
3.7,0.73674,-0.086865,0.143,0.949,-0.314,-0.027,-0.013
3.75,0.73748,-0.091426,0.14305,0.949,-0.314,-0.027,-0.013
3.8,0.73824,-0.095976,0.14284,0.949,-0.314,-0.027,-0.013
3.85,0.739,-0.1005,0.14235,0.949,-0.314,-0.027,-0.013
3.9,0.73978,-0.10498,0.14154,0.949,-0.314,-0.027,-0.013
3.95,0.74057,-0.1094,0.14038,0.949,-0.314,-0.027,-0.013
4,0.74137,-0.11375,0.13884,0.949,-0.314,-0.027,-0.013
4.05,0.74217,-0.11801,0.13692,0.949,-0.314,-0.027,-0.013
4.1,0.74299,-0.12217,0.1346,0.949,-0.314,-0.027,-0.013
4.15,0.74382,-0.12622,0.1319,0.949,-0.314,-0.027,-0.013
4.2,0.74465,-0.13017,0.12882,0.949,-0.314,-0.027,-0.013
4.25,0.74549,-0.13399,0.12539,0.949,-0.314,-0.027,-0.013
4.3,0.74634,-0.1377,0.12164,0.949,-0.314,-0.027,-0.013
4.35,0.7472,-0.1413,0.11759,0.949,-0.314,-0.027,-0.013
4.4,0.74807,-0.14478,0.11327,0.949,-0.314,-0.027,-0.013
4.45,0.74895,-0.14815,0.10873,0.949,-0.314,-0.027,-0.013
4.5,0.74985,-0.15142,0.10401,0.949,-0.314,-0.027,-0.013
4.55,0.75075,-0.15458,0.099131,0.949,-0.314,-0.027,-0.013
4.6,0.75168,-0.15765,0.094149,0.949,-0.314,-0.027,-0.013
4.65,0.75261,-0.16063,0.0891,0.949,-0.314,-0.027,-0.013
4.7,0.75357,-0.16353,0.084025,0.949,-0.314,-0.027,-0.013
4.75,0.75455,-0.16636,0.078965,0.949,-0.314,-0.027,-0.013
4.8,0.75555,-0.16912,0.073958,0.949,-0.314,-0.027,-0.013
4.85,0.75657,-0.17183,0.069043,0.949,-0.314,-0.027,-0.013
4.9,0.75762,-0.17448,0.06426,0.949,-0.314,-0.027,-0.013
4.95,0.7587,-0.1771,0.059642,0.949,-0.314,-0.027,-0.013
5,0.75981,-0.17968,0.055224,0.949,-0.314,-0.027,-0.013
