0.05,0.49076,-0.406,0.23424,0.949,-0.314,-0.027,-0.013
0.1,0.49586,-0.40428,0.23613,0.949,-0.314,-0.027,-0.013
0.15,0.50098,-0.40255,0.23797,0.949,-0.314,-0.027,-0.013
0.2,0.50611,-0.40077,0.23972,0.949,-0.314,-0.027,-0.013
0.25,0.51125,-0.39893,0.24134,0.949,-0.314,-0.027,-0.013
0.3,0.51643,-0.39698,0.24276,0.949,-0.314,-0.027,-0.013
0.35,0.52163,-0.3949,0.24391,0.949,-0.314,-0.027,-0.013
0.4,0.52685,-0.39265,0.24472,0.949,-0.314,-0.027,-0.013
0.45,0.53208,-0.39008,0.24509,0.949,-0.314,-0.027,-0.013
0.5,0.53722,-0.38693,0.2449,0.949,-0.314,-0.027,-0.013
0.55,0.54217,-0.38278,0.244,0.949,-0.314,-0.027,-0.013
0.6,0.54687,-0.37752,0.24231,0.949,-0.314,-0.027,-0.013
0.65,0.55153,-0.37167,0.23984,0.949,-0.314,-0.027,-0.013
0.7,0.5564,-0.36617,0.23671,0.949,-0.314,-0.027,-0.013
0.75,0.56165,-0.36158,0.23307,0.949,-0.314,-0.027,-0.013
0.8,0.56721,-0.35783,0.22899,0.949,-0.314,-0.027,-0.013
0.85,0.57292,-0.35456,0.22451,0.949,-0.314,-0.027,-0.013
0.9,0.57866,-0.35148,0.21967,0.949,-0.314,-0.027,-0.013
0.95,0.58436,-0.34845,0.21449,0.949,-0.314,-0.027,-0.013
1,0.59001,-0.34544,0.20903,0.949,-0.314,-0.027,-0.013
1.05,0.59558,-0.34245,0.20332,0.949,-0.314,-0.027,-0.013
1.1,0.60106,-0.33948,0.19742,0.949,-0.314,-0.027,-0.013
1.15,0.60644,-0.33652,0.19137,0.949,-0.314,-0.027,-0.013
1.2,0.6117,-0.33358,0.18522,0.949,-0.314,-0.027,-0.013
1.25,0.61683,-0.33066,0.17901,0.949,-0.314,-0.027,-0.013
1.3,0.62181,-0.32776,0.1728,0.949,-0.314,-0.027,-0.013
1.35,0.62665,-0.32488,0.16662,0.949,-0.314,-0.027,-0.013
1.4,0.63132,-0.32203,0.16054,0.949,-0.314,-0.027,-0.013
1.45,0.63582,-0.3192,0.15458,0.949,-0.314,-0.027,-0.013
1.5,0.64015,-0.31639,0.14879,0.949,-0.314,-0.027,-0.013
1.55,0.64429,-0.31361,0.14322,0.949,-0.314,-0.027,-0.013
1.6,0.64825,-0.31085,0.1379,0.949,-0.314,-0.027,-0.013
1.65,0.65202,-0.30813,0.13285,0.949,-0.314,-0.027,-0.013
1.7,0.65562,-0.30543,0.12811,0.949,-0.314,-0.027,-0.013
1.75,0.65903,-0.30277,0.1237,0.949,-0.314,-0.027,-0.013
1.8,0.66228,-0.30014,0.11963,0.949,-0.314,-0.027,-0.013
1.85,0.66536,-0.29755,0.11591,0.949,-0.314,-0.027,-0.013
1.9,0.66829,-0.29499,0.11254,0.949,-0.314,-0.027,-0.013
1.95,0.67107,-0.29247,0.10951,0.949,-0.314,-0.027,-0.013
2,0.67373,-0.28999,0.10683,0.949,-0.314,-0.027,-0.013
2.05,0.67626,-0.28754,0.10448,0.949,-0.314,-0.027,-0.013
2.1,0.67867,-0.28514,0.10245,0.949,-0.314,-0.027,-0.013
2.15,0.68099,-0.28277,0.10072,0.949,-0.314,-0.027,-0.013
2.2,0.6832,-0.28045,0.099275,0.949,-0.314,-0.027,-0.013
2.25,0.68533,-0.27816,0.098109,0.949,-0.314,-0.027,-0.013
2.3,0.68738,-0.27592,0.097204,0.949,-0.314,-0.027,-0.013
2.35,0.68934,-0.27372,0.096545,0.949,-0.314,-0.027,-0.013
2.4,0.69124,-0.27156,0.096117,0.949,-0.314,-0.027,-0.013
2.45,0.69307,-0.26945,0.095907,0.949,-0.314,-0.027,-0.013
2.5,0.69483,-0.26738,0.095902,0.949,-0.314,-0.027,-0.013
2.55,0.69654,-0.26535,0.096089,0.949,-0.314,-0.027,-0.013
2.6,0.69819,-0.26336,0.096454,0.949,-0.314,-0.027,-0.013
2.65,0.69979,-0.26142,0.096987,0.949,-0.314,-0.027,-0.013
2.7,0.70134,-0.25952,0.097674,0.949,-0.314,-0.027,-0.013
2.75,0.70285,-0.25767,0.098504,0.949,-0.314,-0.027,-0.013
2.8,0.70431,-0.25586,0.099464,0.949,-0.314,-0.027,-0.013
2.85,0.70573,-0.25409,0.10054,0.949,-0.314,-0.027,-0.013
2.9,0.70712,-0.25237,0.10173,0.949,-0.314,-0.027,-0.013
2.95,0.70848,-0.25069,0.10301,0.949,-0.314,-0.027,-0.013
3,0.70981,-0.24906,0.10437,0.949,-0.314,-0.027,-0.013
3.05,0.71111,-0.24748,0.1058,0.949,-0.314,-0.027,-0.013
3.1,0.71239,-0.24594,0.1073,0.949,-0.314,-0.027,-0.013
3.15,0.71364,-0.24444,0.10884,0.949,-0.314,-0.027,-0.013
3.2,0.71488,-0.24299,0.11041,0.949,-0.314,-0.027,-0.013
3.25,0.71611,-0.24159,0.11201,0.949,-0.314,-0.027,-0.013
3.3,0.71733,-0.24023,0.11361,0.949,-0.314,-0.027,-0.013
3.35,0.71853,-0.23892,0.11521,0.949,-0.314,-0.027,-0.013
3.4,0.71973,-0.23765,0.11679,0.949,-0.314,-0.027,-0.013
3.45,0.72093,-0.23642,0.11833,0.949,-0.314,-0.027,-0.013
3.5,0.72213,-0.23524,0.11981,0.949,-0.314,-0.027,-0.013
3.55,0.72334,-0.23408,0.12121,0.949,-0.314,-0.027,-0.013
3.6,0.72454,-0.23296,0.12251,0.949,-0.314,-0.027,-0.013
3.65,0.72576,-0.23187,0.12366,0.949,-0.314,-0.027,-0.013
3.7,0.72698,-0.23078,0.12465,0.949,-0.314,-0.027,-0.013
3.75,0.72822,-0.2297,0.12543,0.949,-0.314,-0.027,-0.013
3.8,0.72947,-0.22861,0.12596,0.949,-0.314,-0.027,-0.013
3.85,0.73072,-0.22749,0.12621,0.949,-0.314,-0.027,-0.013
3.9,0.73199,-0.22633,0.12613,0.949,-0.314,-0.027,-0.013
3.95,0.73327,-0.22511,0.1257,0.949,-0.314,-0.027,-0.013
4,0.73457,-0.22382,0.1249,0.949,-0.314,-0.027,-0.013
4.05,0.73587,-0.22244,0.12371,0.949,-0.314,-0.027,-0.013
4.1,0.73717,-0.22096,0.12213,0.949,-0.314,-0.027,-0.013
4.15,0.73849,-0.21937,0.12016,0.949,-0.314,-0.027,-0.013
4.2,0.73982,-0.21767,0.11782,0.949,-0.314,-0.027,-0.013
4.25,0.74115,-0.21586,0.11512,0.949,-0.314,-0.027,-0.013
4.3,0.74249,-0.21392,0.1121,0.949,-0.314,-0.027,-0.013
4.35,0.74385,-0.21188,0.10879,0.949,-0.314,-0.027,-0.013
4.4,0.74521,-0.20972,0.10521,0.949,-0.314,-0.027,-0.013
4.45,0.74658,-0.20745,0.1014,0.949,-0.314,-0.027,-0.013
4.5,0.74797,-0.20507,0.097412,0.949,-0.314,-0.027,-0.013
4.55,0.74937,-0.20259,0.093272,0.949,-0.314,-0.027,-0.013
4.6,0.75078,-0.20002,0.089025,0.949,-0.314,-0.027,-0.013
4.65,0.75221,-0.19736,0.084712,0.949,-0.314,-0.027,-0.013
4.7,0.75366,-0.19462,0.080371,0.949,-0.314,-0.027,-0.013
4.75,0.75513,-0.19181,0.076046,0.949,-0.314,-0.027,-0.013
4.8,0.75662,-0.18893,0.071774,0.949,-0.314,-0.027,-0.013
4.85,0.75814,-0.18599,0.067595,0.949,-0.314,-0.027,-0.013
4.9,0.75968,-0.183,0.063546,0.949,-0.314,-0.027,-0.013
4.95,0.76125,-0.17997,0.059663,0.949,-0.314,-0.027,-0.013
5,0.76285,-0.17691,0.05598,0.949,-0.314,-0.027,-0.013
