0.05,0.37827,0.10125,0.2016,0.746,-0.666,-0.012,0.004
0.1,0.4278,0.13725,0.33225,0.746,-0.666,-0.012,0.004
0.15,0.43027,0.13883,0.32895,0.746,-0.666,-0.012,0.004
0.2,0.43265,0.14043,0.32563,0.746,-0.666,-0.012,0.004
0.25,0.43494,0.14204,0.32228,0.746,-0.666,-0.012,0.004
0.3,0.43715,0.14366,0.31891,0.746,-0.666,-0.012,0.004
0.35,0.43929,0.14529,0.31552,0.746,-0.666,-0.012,0.004
0.4,0.44134,0.14693,0.3121,0.746,-0.666,-0.012,0.004
0.45,0.44333,0.14859,0.30866,0.746,-0.666,-0.012,0.004
0.5,0.44526,0.15025,0.3052,0.746,-0.666,-0.012,0.004
0.55,0.44712,0.15192,0.30172,0.746,-0.666,-0.012,0.004
0.6,0.44892,0.1536,0.29822,0.746,-0.666,-0.012,0.004
0.65,0.45067,0.15528,0.2947,0.746,-0.666,-0.012,0.004
0.7,0.45237,0.15697,0.29116,0.746,-0.666,-0.012,0.004
0.75,0.45402,0.15867,0.2876,0.746,-0.666,-0.012,0.004
0.8,0.45564,0.16037,0.28403,0.746,-0.666,-0.012,0.004
0.85,0.45722,0.16208,0.28045,0.746,-0.666,-0.012,0.004
0.9,0.45876,0.16378,0.27685,0.746,-0.666,-0.012,0.004
0.95,0.46027,0.16549,0.27323,0.746,-0.666,-0.012,0.004
1,0.46176,0.1672,0.26961,0.746,-0.666,-0.012,0.004
1.05,0.46323,0.1689,0.26597,0.746,-0.666,-0.012,0.004
1.1,0.46468,0.17061,0.26232,0.746,-0.666,-0.012,0.004
1.15,0.46612,0.17231,0.25865,0.746,-0.666,-0.012,0.004
1.2,0.46755,0.17401,0.25498,0.746,-0.666,-0.012,0.004
1.25,0.46898,0.1757,0.2513,0.746,-0.666,-0.012,0.004
1.3,0.4704,0.17739,0.24761,0.746,-0.666,-0.012,0.004
1.35,0.47183,0.17907,0.24391,0.746,-0.666,-0.012,0.004
1.4,0.47326,0.18075,0.24021,0.746,-0.666,-0.012,0.004
1.45,0.4747,0.18242,0.23649,0.746,-0.666,-0.012,0.004
1.5,0.47616,0.18407,0.23277,0.746,-0.666,-0.012,0.004
1.55,0.47763,0.18572,0.22905,0.746,-0.666,-0.012,0.004
1.6,0.47912,0.18737,0.22531,0.746,-0.666,-0.012,0.004
1.65,0.48063,0.18901,0.22156,0.746,-0.666,-0.012,0.004
1.7,0.48216,0.19064,0.21779,0.746,-0.666,-0.012,0.004
1.75,0.48371,0.19227,0.21399,0.746,-0.666,-0.012,0.004
1.8,0.48528,0.19391,0.21016,0.746,-0.666,-0.012,0.004
1.85,0.48688,0.19555,0.20626,0.746,-0.666,-0.012,0.004
1.9,0.48851,0.19722,0.20227,0.746,-0.666,-0.012,0.004
1.95,0.49017,0.19891,0.19814,0.746,-0.666,-0.012,0.004
2,0.49188,0.20063,0.19381,0.746,-0.666,-0.012,0.004
2.05,0.49368,0.20238,0.1892,0.746,-0.666,-0.012,0.004
2.1,0.49563,0.20416,0.18423,0.746,-0.666,-0.012,0.004
2.15,0.49782,0.20593,0.17877,0.746,-0.666,-0.012,0.004
2.2,0.50036,0.20766,0.17276,0.746,-0.666,-0.012,0.004
2.25,0.50339,0.20928,0.16614,0.746,-0.666,-0.012,0.004
2.3,0.50704,0.21069,0.15894,0.746,-0.666,-0.012,0.004
2.35,0.51141,0.21183,0.1513,0.746,-0.666,-0.012,0.004
2.4,0.5165,0.21261,0.14341,0.746,-0.666,-0.012,0.004
2.45,0.52227,0.21302,0.13552,0.746,-0.666,-0.012,0.004
2.5,0.52856,0.21307,0.12784,0.746,-0.666,-0.012,0.004
2.55,0.53523,0.21282,0.12055,0.746,-0.666,-0.012,0.004
2.6,0.54212,0.21234,0.11372,0.746,-0.666,-0.012,0.004
2.65,0.5491,0.21168,0.10737,0.746,-0.666,-0.012,0.004
2.7,0.5561,0.2109,0.10146,0.746,-0.666,-0.012,0.004
2.75,0.56304,0.21006,0.095924,0.746,-0.666,-0.012,0.004
2.8,0.56992,0.20919,0.09071,0.746,-0.666,-0.012,0.004
2.85,0.57672,0.20829,0.085751,0.746,-0.666,-0.012,0.004
2.9,0.58345,0.2074,0.080993,0.746,-0.666,-0.012,0.004
2.95,0.59011,0.20651,0.07639,0.746,-0.666,-0.012,0.004
3,0.59671,0.20562,0.071906,0.746,-0.666,-0.012,0.004
3.05,0.60327,0.20474,0.067512,0.746,-0.666,-0.012,0.004
3.1,0.60981,0.20387,0.063182,0.746,-0.666,-0.012,0.004
3.15,0.61634,0.20301,0.058899,0.746,-0.666,-0.012,0.004
3.2,0.62287,0.20216,0.054648,0.746,-0.666,-0.012,0.004
3.25,0.62944,0.2013,0.050418,0.746,-0.666,-0.012,0.004
3.3,0.63607,0.20046,0.046204,0.746,-0.666,-0.012,0.004
3.35,0.64279,0.19961,0.042013,0.746,-0.666,-0.012,0.004
3.4,0.64962,0.19878,0.037867,0.746,-0.666,-0.012,0.004
3.45,0.65661,0.19796,0.033817,0.746,-0.666,-0.012,0.004
3.5,0.66374,0.19717,0.029956,0.746,-0.666,-0.012,0.004
3.55,0.67097,0.19644,0.026435,0.746,-0.666,-0.012,0.004
3.6,0.67819,0.19581,0.023465,0.746,-0.666,-0.012,0.004
3.65,0.68519,0.19531,0.021281,0.746,-0.666,-0.012,0.004
3.7,0.69167,0.19499,0.020071,0.746,-0.666,-0.012,0.004
3.75,0.69737,0.19486,0.019876,0.746,-0.666,-0.012,0.004
3.8,0.70214,0.19489,0.020545,0.746,-0.666,-0.012,0.004
3.85,0.70598,0.19503,0.021781,0.746,-0.666,-0.012,0.004
3.9,0.70908,0.19522,0.023259,0.746,-0.666,-0.012,0.004
3.95,0.71165,0.19542,0.024727,0.746,-0.666,-0.012,0.004
4,0.71391,0.1956,0.02604,0.746,-0.666,-0.012,0.004
4.05,0.71601,0.19575,0.027145,0.746,-0.666,-0.012,0.004
4.1,0.71804,0.19587,0.028043,0.746,-0.666,-0.012,0.004
4.15,0.72005,0.19595,0.028763,0.746,-0.666,-0.012,0.004
4.2,0.72208,0.19601,0.02934,0.746,-0.666,-0.012,0.004
4.25,0.72412,0.19606,0.02981,0.746,-0.666,-0.012,0.004
4.3,0.72619,0.19609,0.0302,0.746,-0.666,-0.012,0.004
4.35,0.72827,0.19611,0.030533,0.746,-0.666,-0.012,0.004
4.4,0.73038,0.19612,0.030824,0.746,-0.666,-0.012,0.004
4.45,0.73249,0.19613,0.031086,0.746,-0.666,-0.012,0.004
4.5,0.73462,0.19613,0.031328,0.746,-0.666,-0.012,0.004
4.55,0.73675,0.19613,0.031556,0.746,-0.666,-0.012,0.004
4.6,0.73888,0.19613,0.031774,0.746,-0.666,-0.012,0.004
4.65,0.74102,0.19613,0.031985,0.746,-0.666,-0.012,0.004
4.7,0.74317,0.19613,0.032192,0.746,-0.666,-0.012,0.004
4.75,0.74531,0.19612,0.032395,0.746,-0.666,-0.012,0.004
4.8,0.74746,0.19612,0.032597,0.746,-0.666,-0.012,0.004
4.85,0.74961,0.19612,0.032796,0.746,-0.666,-0.012,0.004
4.9,0.75175,0.19611,0.032995,0.746,-0.666,-0.012,0.004
4.95,0.7539,0.19611,0.033193,0.746,-0.666,-0.012,0.004
5,0.74738,0.18829,0.023985,0.746,-0.666,-0.012,0.004
