0.05,0.34466,-0.18591,0.57903,0.998,0.065,-0.013,-0.018
0.1,0.42647,-0.18143,0.50113,0.998,0.065,-0.013,-0.018
0.15,0.43562,-0.19134,0.49708,0.998,0.065,-0.013,-0.018
0.2,0.44477,-0.20125,0.49303,0.998,0.065,-0.013,-0.018
0.25,0.45391,-0.21116,0.48898,0.998,0.065,-0.013,-0.018
0.3,0.46306,-0.22107,0.48493,0.998,0.065,-0.013,-0.018
0.35,0.47221,-0.23099,0.48088,0.998,0.065,-0.013,-0.018
0.4,0.48135,-0.2409,0.47684,0.998,0.065,-0.013,-0.018
0.45,0.4905,-0.25082,0.47279,0.998,0.065,-0.013,-0.018
0.5,0.49966,-0.26073,0.46873,0.998,0.065,-0.013,-0.018
0.55,0.50882,-0.27066,0.46468,0.998,0.065,-0.013,-0.018
0.6,0.51799,-0.2806,0.46062,0.998,0.065,-0.013,-0.018
0.65,0.52718,-0.29057,0.45654,0.998,0.065,-0.013,-0.018
0.7,0.53642,-0.30059,0.45244,0.998,0.065,-0.013,-0.018
0.75,0.54573,-0.3107,0.44829,0.998,0.065,-0.013,-0.018
0.8,0.55515,-0.32096,0.44402,0.998,0.065,-0.013,-0.018
0.85,0.56475,-0.33146,0.43953,0.998,0.065,-0.013,-0.018
0.9,0.57458,-0.34231,0.43464,0.998,0.065,-0.013,-0.018
0.95,0.58464,-0.35363,0.42904,0.998,0.065,-0.013,-0.018
1,0.59476,-0.36538,0.4223,0.998,0.065,-0.013,-0.018
1.05,0.60446,-0.37723,0.414,0.998,0.065,-0.013,-0.018
1.1,0.61288,-0.38836,0.40404,0.998,0.065,-0.013,-0.018
1.15,0.6191,-0.39767,0.39296,0.998,0.065,-0.013,-0.018
1.2,0.62275,-0.40446,0.38191,0.998,0.065,-0.013,-0.018
1.25,0.62431,-0.40884,0.37189,0.998,0.065,-0.013,-0.018
1.3,0.62461,-0.41151,0.36331,0.998,0.065,-0.013,-0.018
1.35,0.62439,-0.41325,0.35605,0.998,0.065,-0.013,-0.018
1.4,0.62409,-0.41458,0.34977,0.998,0.065,-0.013,-0.018
1.45,0.62387,-0.4158,0.34413,0.998,0.065,-0.013,-0.018
1.5,0.62379,-0.41704,0.3389,0.998,0.065,-0.013,-0.018
1.55,0.62381,-0.41834,0.33393,0.998,0.065,-0.013,-0.018
1.6,0.61941,-0.43204,0.31963,0.998,0.065,-0.013,-0.018
1.65,0.62402,-0.42121,0.32445,0.998,0.065,-0.013,-0.018
1.7,0.6241,-0.4228,0.31992,0.998,0.065,-0.013,-0.018
1.75,0.62407,-0.42453,0.31563,0.998,0.065,-0.013,-0.018
1.8,0.62385,-0.42641,0.31176,0.998,0.065,-0.013,-0.018
1.85,0.6234,-0.42836,0.30871,0.998,0.065,-0.013,-0.018
1.9,0.62282,-0.43009,0.30714,0.998,0.065,-0.013,-0.018
1.95,0.62252,-0.43088,0.30788,0.998,0.065,-0.013,-0.018
2,0.62338,-0.42968,0.31132,0.998,0.065,-0.013,-0.018
2.05,0.62631,-0.42564,0.31672,0.998,0.065,-0.013,-0.018
2.1,0.63154,-0.41902,0.32225,0.998,0.065,-0.013,-0.018
2.15,0.63841,-0.41095,0.32636,0.998,0.065,-0.013,-0.018
2.2,0.64607,-0.40251,0.32862,0.998,0.065,-0.013,-0.018
2.25,0.65392,-0.39426,0.32935,0.998,0.065,-0.013,-0.018
2.3,0.66173,-0.38633,0.32907,0.998,0.065,-0.013,-0.018
2.35,0.66943,-0.37867,0.32817,0.998,0.065,-0.013,-0.018
2.4,0.67706,-0.37118,0.32688,0.998,0.065,-0.013,-0.018
2.45,0.68464,-0.36379,0.32533,0.998,0.065,-0.013,-0.018
2.5,0.69221,-0.35641,0.32351,0.998,0.065,-0.013,-0.018
2.55,0.6998,-0.349,0.32138,0.998,0.065,-0.013,-0.018
2.6,0.70742,-0.34152,0.31876,0.998,0.065,-0.013,-0.018
2.65,0.71507,-0.33394,0.31534,0.998,0.065,-0.013,-0.018
2.7,0.72263,-0.32633,0.31066,0.998,0.065,-0.013,-0.018
2.75,0.72987,-0.31891,0.30413,0.998,0.065,-0.013,-0.018
2.8,0.73629,-0.31221,0.29533,0.998,0.065,-0.013,-0.018
2.85,0.74125,-0.307,0.28456,0.998,0.065,-0.013,-0.018
2.9,0.74432,-0.30393,0.2734,0.998,0.065,-0.013,-0.018
2.95,0.74571,-0.30295,0.26398,0.998,0.065,-0.013,-0.018
3,0.74621,-0.30331,0.2576,0.998,0.065,-0.013,-0.018
3.05,0.74653,-0.30415,0.25416,0.998,0.065,-0.013,-0.018
3.1,0.74707,-0.30495,0.25282,0.998,0.065,-0.013,-0.018
3.15,0.74791,-0.30553,0.25273,0.998,0.065,-0.013,-0.018
3.2,0.74899,-0.30591,0.25334,0.998,0.065,-0.013,-0.018
3.25,0.74637,-0.30209,0.23353,0.998,0.065,-0.013,-0.018
3.3,0.75162,-0.30627,0.25548,0.998,0.065,-0.013,-0.018
3.35,0.75307,-0.30636,0.25679,0.998,0.065,-0.013,-0.018
3.4,0.75459,-0.30645,0.25823,0.998,0.065,-0.013,-0.018
3.45,0.75617,-0.30657,0.25984,0.998,0.065,-0.013,-0.018
3.5,0.75786,-0.30676,0.26169,0.998,0.065,-0.013,-0.018
3.55,0.75971,-0.30706,0.26391,0.998,0.065,-0.013,-0.018
3.6,0.76184,-0.30755,0.26672,0.998,0.065,-0.013,-0.018
3.65,0.76442,-0.30829,0.27038,0.998,0.065,-0.013,-0.018
3.7,0.76769,-0.30938,0.27524,0.998,0.065,-0.013,-0.018
3.75,0.77195,-0.31086,0.28158,0.998,0.065,-0.013,-0.018
3.8,0.77739,-0.31267,0.2894,0.998,0.065,-0.013,-0.018
3.85,0.78395,-0.31462,0.29818,0.998,0.065,-0.013,-0.018
3.9,0.79118,-0.31636,0.30689,0.998,0.065,-0.013,-0.018
3.95,0.79841,-0.31759,0.31446,0.998,0.065,-0.013,-0.018
4,0.80512,-0.3182,0.32028,0.998,0.065,-0.013,-0.018
4.05,0.81107,-0.31823,0.32435,0.998,0.065,-0.013,-0.018
4.1,0.81629,-0.31784,0.32703,0.998,0.065,-0.013,-0.018
4.15,0.82097,-0.31718,0.32876,0.998,0.065,-0.013,-0.018
4.2,0.82525,-0.31636,0.32989,0.998,0.065,-0.013,-0.018
4.25,0.82929,-0.31545,0.33067,0.998,0.065,-0.013,-0.018
4.3,0.83317,-0.31449,0.33124,0.998,0.065,-0.013,-0.018
4.35,0.83697,-0.3135,0.3317,0.998,0.065,-0.013,-0.018
4.4,0.84071,-0.3125,0.3321,0.998,0.065,-0.013,-0.018
4.45,0.84442,-0.3115,0.33247,0.998,0.065,-0.013,-0.018
4.5,0.84811,-0.31049,0.33282,0.998,0.065,-0.013,-0.018
4.55,0.85179,-0.30948,0.33316,0.998,0.065,-0.013,-0.018
4.6,0.85547,-0.30847,0.3335,0.998,0.065,-0.013,-0.018
4.65,0.85915,-0.30745,0.33383,0.998,0.065,-0.013,-0.018
4.7,0.86282,-0.30644,0.33417,0.998,0.065,-0.013,-0.018
4.75,0.86649,-0.30543,0.3345,0.998,0.065,-0.013,-0.018
4.8,0.87017,-0.30442,0.33483,0.998,0.065,-0.013,-0.018
4.85,0.87384,-0.30341,0.33516,0.998,0.065,-0.013,-0.018
4.9,0.87751,-0.30239,0.33549,0.998,0.065,-0.013,-0.018
4.95,0.88118,-0.30138,0.33583,0.998,0.065,-0.013,-0.018
5,0.91062,-0.3736,0.33135,0.998,0.065,-0.013,-0.018
