0.05,0.53675,0.14981,0.29924,0.949,-0.314,-0.027,-0.013
0.1,0.54187,0.14257,0.30016,0.949,-0.314,-0.027,-0.013
0.15,0.54707,0.13541,0.30093,0.949,-0.314,-0.027,-0.013
0.2,0.55236,0.12839,0.3015,0.949,-0.314,-0.027,-0.013
0.25,0.55772,0.12157,0.30187,0.949,-0.314,-0.027,-0.013
0.3,0.56314,0.11504,0.30202,0.949,-0.314,-0.027,-0.013
0.35,0.56857,0.10897,0.30194,0.949,-0.314,-0.027,-0.013
0.4,0.57394,0.10364,0.3016,0.949,-0.314,-0.027,-0.013
0.45,0.57908,0.099464,0.30095,0.949,-0.314,-0.027,-0.013
0.5,0.58375,0.096748,0.29985,0.949,-0.314,-0.027,-0.013
0.55,0.58778,0.095236,0.29805,0.949,-0.314,-0.027,-0.013
0.6,0.59126,0.094281,0.29529,0.949,-0.314,-0.027,-0.013
0.65,0.59449,0.093409,0.29147,0.949,-0.314,-0.027,-0.013
0.7,0.59778,0.092263,0.2866,0.949,-0.314,-0.027,-0.013
0.75,0.60133,0.090471,0.28076,0.949,-0.314,-0.027,-0.013
0.8,0.60524,0.087723,0.27409,0.949,-0.314,-0.027,-0.013
0.85,0.60952,0.083867,0.26671,0.949,-0.314,-0.027,-0.013
0.9,0.61407,0.078953,0.25874,0.949,-0.314,-0.027,-0.013
0.95,0.61878,0.073234,0.25024,0.949,-0.314,-0.027,-0.013
1,0.62351,0.067107,0.24124,0.949,-0.314,-0.027,-0.013
1.05,0.62814,0.061025,0.23172,0.949,-0.314,-0.027,-0.013
1.1,0.6326,0.055399,0.22163,0.949,-0.314,-0.027,-0.013
1.15,0.63686,0.050539,0.21098,0.949,-0.314,-0.027,-0.013
1.2,0.6409,0.046614,0.19982,0.949,-0.314,-0.027,-0.013
1.25,0.64472,0.043631,0.1883,0.949,-0.314,-0.027,-0.013
1.3,0.64835,0.041435,0.17664,0.949,-0.314,-0.027,-0.013
1.35,0.65181,0.039758,0.16507,0.949,-0.314,-0.027,-0.013
1.4,0.65512,0.03831,0.15382,0.949,-0.314,-0.027,-0.013
1.45,0.65832,0.036874,0.14306,0.949,-0.314,-0.027,-0.013
1.5,0.66143,0.035335,0.13285,0.949,-0.314,-0.027,-0.013
1.55,0.66446,0.033664,0.12322,0.949,-0.314,-0.027,-0.013
1.6,0.66742,0.031867,0.11412,0.949,-0.314,-0.027,-0.013
1.65,0.67031,0.029966,0.10554,0.949,-0.314,-0.027,-0.013
1.7,0.67314,0.027979,0.097435,0.949,-0.314,-0.027,-0.013
1.75,0.67591,0.025918,0.08979,0.949,-0.314,-0.027,-0.013
1.8,0.67861,0.023792,0.082588,0.949,-0.314,-0.027,-0.013
1.85,0.68126,0.021604,0.07582,0.949,-0.314,-0.027,-0.013
1.9,0.68384,0.019357,0.06948,0.949,-0.314,-0.027,-0.013
1.95,0.68635,0.017053,0.063566,0.949,-0.314,-0.027,-0.013
2,0.68881,0.014691,0.058076,0.949,-0.314,-0.027,-0.013
2.05,0.6912,0.012272,0.053009,0.949,-0.314,-0.027,-0.013
2.1,0.69353,0.0097964,0.048365,0.949,-0.314,-0.027,-0.013
2.15,0.6958,0.007264,0.044144,0.949,-0.314,-0.027,-0.013
2.2,0.698,0.0046748,0.040346,0.949,-0.314,-0.027,-0.013
2.25,0.70014,0.0020289,0.03697,0.949,-0.314,-0.027,-0.013
2.3,0.70222,-0.00067384,0.034018,0.949,-0.314,-0.027,-0.013
2.35,0.70424,-0.0034333,0.031487,0.949,-0.314,-0.027,-0.013
2.4,0.70619,-0.0062495,0.02938,0.949,-0.314,-0.027,-0.013
2.45,0.70808,-0.0091225,0.027695,0.949,-0.314,-0.027,-0.013
2.5,0.70991,-0.012052,0.026433,0.949,-0.314,-0.027,-0.013
2.55,0.71168,-0.015039,0.025594,0.949,-0.314,-0.027,-0.013
2.6,0.71338,-0.018082,0.025178,0.949,-0.314,-0.027,-0.013
2.65,0.71502,-0.021182,0.025185,0.949,-0.314,-0.027,-0.013
2.7,0.7166,-0.024339,0.025614,0.949,-0.314,-0.027,-0.013
2.75,0.71812,-0.027553,0.026467,0.949,-0.314,-0.027,-0.013
2.8,0.71957,-0.030824,0.027743,0.949,-0.314,-0.027,-0.013
2.85,0.72096,-0.034152,0.029442,0.949,-0.314,-0.027,-0.013
2.9,0.72229,-0.037536,0.031565,0.949,-0.314,-0.027,-0.013
2.95,0.72355,-0.040977,0.034109,0.949,-0.314,-0.027,-0.013
3,0.72474,-0.044475,0.037075,0.949,-0.314,-0.027,-0.013
3.05,0.72587,-0.048028,0.04046,0.949,-0.314,-0.027,-0.013
3.1,0.72694,-0.051634,0.044257,0.949,-0.314,-0.027,-0.013
3.15,0.72792,-0.055292,0.048458,0.949,-0.314,-0.027,-0.013
3.2,0.72884,-0.058997,0.053046,0.949,-0.314,-0.027,-0.013
3.25,0.72967,-0.062742,0.057996,0.949,-0.314,-0.027,-0.013
3.3,0.73042,-0.066517,0.063266,0.949,-0.314,-0.027,-0.013
3.35,0.73109,-0.070313,0.068796,0.949,-0.314,-0.027,-0.013
3.4,0.73166,-0.074115,0.074503,0.949,-0.314,-0.027,-0.013
3.45,0.73214,-0.077916,0.080275,0.949,-0.314,-0.027,-0.013
3.5,0.73254,-0.081711,0.085982,0.949,-0.314,-0.027,-0.013
3.55,0.73289,-0.08551,0.091478,0.949,-0.314,-0.027,-0.013
3.6,0.7332,-0.089332,0.096619,0.949,-0.314,-0.027,-0.013
3.65,0.73352,-0.093204,0.10128,0.949,-0.314,-0.027,-0.013
3.7,0.73389,-0.097151,0.10537,0.949,-0.314,-0.027,-0.013
3.75,0.73432,-0.10119,0.10884,0.949,-0.314,-0.027,-0.013
3.8,0.73485,-0.10531,0.11166,0.949,-0.314,-0.027,-0.013
3.85,0.73547,-0.1095,0.11384,0.949,-0.314,-0.027,-0.013
3.9,0.73618,-0.11373,0.11541,0.949,-0.314,-0.027,-0.013
3.95,0.73697,-0.11798,0.11641,0.949,-0.314,-0.027,-0.013
4,0.73784,-0.1222,0.11688,0.949,-0.314,-0.027,-0.013
4.05,0.73877,-0.12636,0.11684,0.949,-0.314,-0.027,-0.013
4.1,0.73976,-0.13045,0.11635,0.949,-0.314,-0.027,-0.013
4.15,0.74078,-0.13445,0.11543,0.949,-0.314,-0.027,-0.013
4.2,0.74184,-0.13832,0.1141,0.949,-0.314,-0.027,-0.013
4.25,0.74292,-0.14207,0.11239,0.949,-0.314,-0.027,-0.013
4.3,0.74402,-0.14569,0.11032,0.949,-0.314,-0.027,-0.013
4.35,0.74514,-0.14916,0.10789,0.949,-0.314,-0.027,-0.013
4.4,0.74627,-0.15247,0.10513,0.949,-0.314,-0.027,-0.013
4.45,0.74741,-0.15564,0.10205,0.949,-0.314,-0.027,-0.013
4.5,0.74855,-0.15864,0.098644,0.949,-0.314,-0.027,-0.013
4.55,0.7497,-0.16148,0.094929,0.949,-0.314,-0.027,-0.013
4.6,0.75086,-0.16416,0.09091,0.949,-0.314,-0.027,-0.013
4.65,0.75202,-0.16668,0.086591,0.949,-0.314,-0.027,-0.013
4.7,0.75317,-0.16902,0.081975,0.949,-0.314,-0.027,-0.013
4.75,0.75433,-0.17121,0.077067,0.949,-0.314,-0.027,-0.013
4.8,0.75549,-0.17322,0.071869,0.949,-0.314,-0.027,-0.013
4.85,0.75665,-0.17507,0.066385,0.949,-0.314,-0.027,-0.013
4.9,0.75781,-0.17675,0.060615,0.949,-0.314,-0.027,-0.013
4.95,0.75896,-0.17826,0.054563,0.949,-0.314,-0.027,-0.013
5,0.76011,-0.1796,0.048231,0.949,-0.314,-0.027,-0.013
