0.05,0.49076,-0.406,0.23424,0.949,-0.314,-0.027,-0.013
0.1,0.49692,-0.40076,0.23692,0.949,-0.314,-0.027,-0.013
0.15,0.50318,-0.39543,0.23944,0.949,-0.314,-0.027,-0.013
0.2,0.50951,-0.39005,0.24177,0.949,-0.314,-0.027,-0.013
0.25,0.5159,-0.38471,0.24385,0.949,-0.314,-0.027,-0.013
0.3,0.52231,-0.37949,0.24566,0.949,-0.314,-0.027,-0.013
0.35,0.52869,-0.37455,0.24713,0.949,-0.314,-0.027,-0.013
0.4,0.53493,-0.37006,0.24817,0.949,-0.314,-0.027,-0.013
0.45,0.54091,-0.36606,0.24868,0.949,-0.314,-0.027,-0.013
0.5,0.54653,-0.36207,0.24852,0.949,-0.314,-0.027,-0.013
0.55,0.55191,-0.35685,0.24766,0.949,-0.314,-0.027,-0.013
0.6,0.55728,-0.34959,0.24604,0.949,-0.314,-0.027,-0.013
0.65,0.56278,-0.34084,0.24353,0.949,-0.314,-0.027,-0.013
0.7,0.56849,-0.33162,0.24007,0.949,-0.314,-0.027,-0.013
0.75,0.57457,-0.32265,0.2357,0.949,-0.314,-0.027,-0.013
0.8,0.58112,-0.31428,0.23055,0.949,-0.314,-0.027,-0.013
0.85,0.58817,-0.30657,0.22477,0.949,-0.314,-0.027,-0.013
0.9,0.59564,-0.29946,0.21848,0.949,-0.314,-0.027,-0.013
0.95,0.60338,-0.29281,0.21172,0.949,-0.314,-0.027,-0.013
1,0.61114,-0.28655,0.20446,0.949,-0.314,-0.027,-0.013
1.05,0.6187,-0.28067,0.19662,0.949,-0.314,-0.027,-0.013
1.1,0.62583,-0.27527,0.18809,0.949,-0.314,-0.027,-0.013
1.15,0.63238,-0.27049,0.17879,0.949,-0.314,-0.027,-0.013
1.2,0.63825,-0.26641,0.16874,0.949,-0.314,-0.027,-0.013
1.25,0.64339,-0.26303,0.1581,0.949,-0.314,-0.027,-0.013
1.3,0.64789,-0.26023,0.14709,0.949,-0.314,-0.027,-0.013
1.35,0.65185,-0.25777,0.13605,0.949,-0.314,-0.027,-0.013
1.4,0.65543,-0.25541,0.12528,0.949,-0.314,-0.027,-0.013
1.45,0.65878,-0.25299,0.11497,0.949,-0.314,-0.027,-0.013
1.5,0.66198,-0.25048,0.10524,0.949,-0.314,-0.027,-0.013
1.55,0.66508,-0.24787,0.096101,0.949,-0.314,-0.027,-0.013
1.6,0.66811,-0.24522,0.087524,0.949,-0.314,-0.027,-0.013
1.65,0.67106,-0.24257,0.07947,0.949,-0.314,-0.027,-0.013
1.7,0.67396,-0.23993,0.071904,0.949,-0.314,-0.027,-0.013
1.75,0.67679,-0.23734,0.064801,0.949,-0.314,-0.027,-0.013
1.8,0.67956,-0.23479,0.058142,0.949,-0.314,-0.027,-0.013
1.85,0.68226,-0.23229,0.051918,0.949,-0.314,-0.027,-0.013
1.9,0.68491,-0.22985,0.046123,0.949,-0.314,-0.027,-0.013
1.95,0.68749,-0.22747,0.040754,0.949,-0.314,-0.027,-0.013
2,0.69001,-0.22514,0.035809,0.949,-0.314,-0.027,-0.013
2.05,0.69246,-0.22287,0.031287,0.949,-0.314,-0.027,-0.013
2.1,0.69486,-0.22065,0.027188,0.949,-0.314,-0.027,-0.013
2.15,0.69719,-0.2185,0.023512,0.949,-0.314,-0.027,-0.013
2.2,0.69946,-0.2164,0.020259,0.949,-0.314,-0.027,-0.013
2.25,0.70166,-0.21435,0.017429,0.949,-0.314,-0.027,-0.013
2.3,0.70381,-0.21236,0.015021,0.949,-0.314,-0.027,-0.013
2.35,0.70589,-0.21043,0.013036,0.949,-0.314,-0.027,-0.013
2.4,0.7079,-0.20856,0.011474,0.949,-0.314,-0.027,-0.013
2.45,0.70986,-0.20674,0.010334,0.949,-0.314,-0.027,-0.013
2.5,0.71175,-0.20498,0.0096175,0.949,-0.314,-0.027,-0.013
2.55,0.71358,-0.20328,0.0093235,0.949,-0.314,-0.027,-0.013
2.6,0.71535,-0.20163,0.0094523,0.949,-0.314,-0.027,-0.013
2.65,0.71706,-0.20004,0.010004,0.949,-0.314,-0.027,-0.013
2.7,0.7187,-0.19851,0.010979,0.949,-0.314,-0.027,-0.013
2.75,0.72028,-0.19704,0.012376,0.949,-0.314,-0.027,-0.013
2.8,0.7218,-0.19562,0.014197,0.949,-0.314,-0.027,-0.013
2.85,0.72325,-0.19427,0.01644,0.949,-0.314,-0.027,-0.013
2.9,0.72464,-0.19298,0.019106,0.949,-0.314,-0.027,-0.013
2.95,0.72597,-0.19176,0.022192,0.949,-0.314,-0.027,-0.013
3,0.72723,-0.1906,0.025699,0.949,-0.314,-0.027,-0.013
3.05,0.72842,-0.18953,0.029621,0.949,-0.314,-0.027,-0.013
3.1,0.72954,-0.18855,0.033951,0.949,-0.314,-0.027,-0.013
3.15,0.73059,-0.18767,0.038679,0.949,-0.314,-0.027,-0.013
3.2,0.73157,-0.18693,0.043785,0.949,-0.314,-0.027,-0.013
3.25,0.73246,-0.18634,0.049239,0.949,-0.314,-0.027,-0.013
3.3,0.73327,-0.18594,0.054994,0.949,-0.314,-0.027,-0.013
3.35,0.73399,-0.18578,0.060984,0.949,-0.314,-0.027,-0.013
3.4,0.73461,-0.18591,0.067119,0.949,-0.314,-0.027,-0.013
3.45,0.73513,-0.18635,0.073284,0.949,-0.314,-0.027,-0.013
3.5,0.73557,-0.18713,0.079346,0.949,-0.314,-0.027,-0.013
3.55,0.73595,-0.18824,0.085162,0.949,-0.314,-0.027,-0.013
3.6,0.73628,-0.18962,0.090597,0.949,-0.314,-0.027,-0.013
3.65,0.73662,-0.19121,0.095542,0.949,-0.314,-0.027,-0.013
3.7,0.73699,-0.19291,0.099918,0.949,-0.314,-0.027,-0.013
3.75,0.73743,-0.19461,0.10368,0.949,-0.314,-0.027,-0.013
3.8,0.73795,-0.19623,0.10683,0.949,-0.314,-0.027,-0.013
3.85,0.73857,-0.19771,0.10937,0.949,-0.314,-0.027,-0.013
3.9,0.73927,-0.19901,0.11134,0.949,-0.314,-0.027,-0.013
3.95,0.74005,-0.20009,0.11276,0.949,-0.314,-0.027,-0.013
4,0.74091,-0.20096,0.11367,0.949,-0.314,-0.027,-0.013
4.05,0.74183,-0.20161,0.11411,0.949,-0.314,-0.027,-0.013
4.1,0.7428,-0.20203,0.11411,0.949,-0.314,-0.027,-0.013
4.15,0.7438,-0.20225,0.1137,0.949,-0.314,-0.027,-0.013
4.2,0.74485,-0.20225,0.11289,0.949,-0.314,-0.027,-0.013
4.25,0.74591,-0.20206,0.11171,0.949,-0.314,-0.027,-0.013
4.3,0.747,-0.20166,0.11017,0.949,-0.314,-0.027,-0.013
4.35,0.7481,-0.20107,0.1083,0.949,-0.314,-0.027,-0.013
4.4,0.74921,-0.20029,0.10609,0.949,-0.314,-0.027,-0.013
4.45,0.75033,-0.19932,0.10356,0.949,-0.314,-0.027,-0.013
4.5,0.75146,-0.19817,0.10071,0.949,-0.314,-0.027,-0.013
4.55,0.7526,-0.19684,0.097561,0.949,-0.314,-0.027,-0.013
4.6,0.75374,-0.19533,0.094105,0.949,-0.314,-0.027,-0.013
4.65,0.75488,-0.19364,0.090351,0.949,-0.314,-0.027,-0.013
4.7,0.75602,-0.19177,0.086303,0.949,-0.314,-0.027,-0.013
4.75,0.75716,-0.18973,0.081963,0.949,-0.314,-0.027,-0.013
4.8,0.7583,-0.18751,0.077335,0.949,-0.314,-0.027,-0.013
4.85,0.75944,-0.18512,0.07242,0.949,-0.314,-0.027,-0.013
4.9,0.76058,-0.18256,0.067221,0.949,-0.314,-0.027,-0.013
4.95,0.76172,-0.17982,0.061741,0.949,-0.314,-0.027,-0.013
5,0.76285,-0.17691,0.05598,0.949,-0.314,-0.027,-0.013
