0.05,0.74195,-0.4364,0.44029,0.949,-0.314,-0.027,-0.013
0.1,0.74323,-0.43084,0.44061,0.949,-0.314,-0.027,-0.013
0.15,0.74458,-0.4252,0.44077,0.949,-0.314,-0.027,-0.013
0.2,0.74605,-0.41951,0.44075,0.949,-0.314,-0.027,-0.013
0.25,0.74767,-0.41386,0.44054,0.949,-0.314,-0.027,-0.013
0.3,0.74948,-0.40836,0.44012,0.949,-0.314,-0.027,-0.013
0.35,0.75155,-0.40315,0.43951,0.949,-0.314,-0.027,-0.013
0.4,0.75398,-0.39844,0.43871,0.949,-0.314,-0.027,-0.013
0.45,0.75686,-0.39433,0.4377,0.949,-0.314,-0.027,-0.013
0.5,0.76013,-0.39039,0.43636,0.949,-0.314,-0.027,-0.013
0.55,0.76347,-0.38548,0.43439,0.949,-0.314,-0.027,-0.013
0.6,0.76654,-0.37873,0.43147,0.949,-0.314,-0.027,-0.013
0.65,0.76938,-0.37059,0.42744,0.949,-0.314,-0.027,-0.013
0.7,0.77225,-0.36203,0.42235,0.949,-0.314,-0.027,-0.013
0.75,0.77537,-0.35375,0.41629,0.949,-0.314,-0.027,-0.013
0.8,0.77887,-0.3461,0.40939,0.949,-0.314,-0.027,-0.013
0.85,0.78275,-0.33918,0.40181,0.949,-0.314,-0.027,-0.013
0.9,0.78694,-0.33291,0.39363,0.949,-0.314,-0.027,-0.013
0.95,0.79128,-0.32715,0.38495,0.949,-0.314,-0.027,-0.013
1,0.79564,-0.32178,0.37575,0.949,-0.314,-0.027,-0.013
1.05,0.7999,-0.31676,0.36601,0.949,-0.314,-0.027,-0.013
1.1,0.80395,-0.31213,0.35569,0.949,-0.314,-0.027,-0.013
1.15,0.80775,-0.30798,0.34474,0.949,-0.314,-0.027,-0.013
1.2,0.81122,-0.30436,0.33321,0.949,-0.314,-0.027,-0.013
1.25,0.81432,-0.30124,0.32118,0.949,-0.314,-0.027,-0.013
1.3,0.81698,-0.2985,0.30881,0.949,-0.314,-0.027,-0.013
1.35,0.81916,-0.29591,0.2963,0.949,-0.314,-0.027,-0.013
1.4,0.82087,-0.29327,0.28387,0.949,-0.314,-0.027,-0.013
1.45,0.82215,-0.29047,0.27168,0.949,-0.314,-0.027,-0.013
1.5,0.8231,-0.28749,0.25986,0.949,-0.314,-0.027,-0.013
1.55,0.82379,-0.28437,0.24848,0.949,-0.314,-0.027,-0.013
1.6,0.8243,-0.28119,0.23756,0.949,-0.314,-0.027,-0.013
1.65,0.82467,-0.27798,0.22709,0.949,-0.314,-0.027,-0.013
1.7,0.82495,-0.27478,0.21709,0.949,-0.314,-0.027,-0.013
1.75,0.82514,-0.27162,0.20752,0.949,-0.314,-0.027,-0.013
1.8,0.82526,-0.2685,0.19839,0.949,-0.314,-0.027,-0.013
1.85,0.82531,-0.26544,0.18969,0.949,-0.314,-0.027,-0.013
1.9,0.82529,-0.26243,0.18142,0.949,-0.314,-0.027,-0.013
1.95,0.82522,-0.25947,0.17357,0.949,-0.314,-0.027,-0.013
2,0.82508,-0.25657,0.16615,0.949,-0.314,-0.027,-0.013
2.05,0.82487,-0.25373,0.15915,0.949,-0.314,-0.027,-0.013
2.1,0.82461,-0.25095,0.15257,0.949,-0.314,-0.027,-0.013
2.15,0.82428,-0.24822,0.14641,0.949,-0.314,-0.027,-0.013
2.2,0.82389,-0.24555,0.14068,0.949,-0.314,-0.027,-0.013
2.25,0.82344,-0.24293,0.13537,0.949,-0.314,-0.027,-0.013
2.3,0.82292,-0.24037,0.13048,0.949,-0.314,-0.027,-0.013
2.35,0.82234,-0.23787,0.12602,0.949,-0.314,-0.027,-0.013
2.4,0.8217,-0.23543,0.12198,0.949,-0.314,-0.027,-0.013
2.45,0.821,-0.23304,0.11836,0.949,-0.314,-0.027,-0.013
2.5,0.82023,-0.23071,0.11516,0.949,-0.314,-0.027,-0.013
2.55,0.8194,-0.22844,0.11239,0.949,-0.314,-0.027,-0.013
2.6,0.81851,-0.22622,0.11004,0.949,-0.314,-0.027,-0.013
2.65,0.81756,-0.22406,0.10811,0.949,-0.314,-0.027,-0.013
2.7,0.81655,-0.22196,0.10661,0.949,-0.314,-0.027,-0.013
2.75,0.81547,-0.21992,0.10553,0.949,-0.314,-0.027,-0.013
2.8,0.81433,-0.21793,0.10487,0.949,-0.314,-0.027,-0.013
2.85,0.81313,-0.21601,0.10464,0.949,-0.314,-0.027,-0.013
2.9,0.81187,-0.21415,0.10484,0.949,-0.314,-0.027,-0.013
2.95,0.81055,-0.21236,0.10546,0.949,-0.314,-0.027,-0.013
3,0.80917,-0.21064,0.1065,0.949,-0.314,-0.027,-0.013
3.05,0.80774,-0.209,0.10798,0.949,-0.314,-0.027,-0.013
3.1,0.80626,-0.20746,0.10989,0.949,-0.314,-0.027,-0.013
3.15,0.80475,-0.20604,0.11222,0.949,-0.314,-0.027,-0.013
3.2,0.8032,-0.20475,0.11497,0.949,-0.314,-0.027,-0.013
3.25,0.80163,-0.20363,0.11813,0.949,-0.314,-0.027,-0.013
3.3,0.80008,-0.20273,0.12168,0.949,-0.314,-0.027,-0.013
3.35,0.79855,-0.20209,0.12558,0.949,-0.314,-0.027,-0.013
3.4,0.79709,-0.20177,0.12977,0.949,-0.314,-0.027,-0.013
3.45,0.79571,-0.2018,0.13416,0.949,-0.314,-0.027,-0.013
3.5,0.79444,-0.20221,0.13862,0.949,-0.314,-0.027,-0.013
3.55,0.79329,-0.20299,0.143,0.949,-0.314,-0.027,-0.013
3.6,0.79225,-0.20408,0.14713,0.949,-0.314,-0.027,-0.013
3.65,0.79129,-0.20539,0.15085,0.949,-0.314,-0.027,-0.013
3.7,0.79039,-0.2068,0.154,0.949,-0.314,-0.027,-0.013
3.75,0.78951,-0.20821,0.15649,0.949,-0.314,-0.027,-0.013
3.8,0.78862,-0.20952,0.15826,0.949,-0.314,-0.027,-0.013
3.85,0.78769,-0.21065,0.1593,0.949,-0.314,-0.027,-0.013
3.9,0.78674,-0.21157,0.15963,0.949,-0.314,-0.027,-0.013
3.95,0.78574,-0.21226,0.1593,0.949,-0.314,-0.027,-0.013
4,0.7847,-0.2127,0.15836,0.949,-0.314,-0.027,-0.013
4.05,0.78363,-0.2129,0.15684,0.949,-0.314,-0.027,-0.013
4.1,0.78252,-0.21286,0.15481,0.949,-0.314,-0.027,-0.013
4.15,0.7814,-0.2126,0.15229,0.949,-0.314,-0.027,-0.013
4.2,0.78025,-0.21211,0.14933,0.949,-0.314,-0.027,-0.013
4.25,0.77908,-0.21141,0.14596,0.949,-0.314,-0.027,-0.013
4.3,0.7779,-0.21051,0.14219,0.949,-0.314,-0.027,-0.013
4.35,0.77671,-0.20941,0.13806,0.949,-0.314,-0.027,-0.013
4.4,0.77551,-0.20811,0.13358,0.949,-0.314,-0.027,-0.013
4.45,0.7743,-0.20662,0.12875,0.949,-0.314,-0.027,-0.013
4.5,0.77308,-0.20494,0.1236,0.949,-0.314,-0.027,-0.013
4.55,0.77186,-0.20308,0.11813,0.949,-0.314,-0.027,-0.013
4.6,0.77062,-0.20103,0.11234,0.949,-0.314,-0.027,-0.013
4.65,0.76939,-0.19881,0.10625,0.949,-0.314,-0.027,-0.013
4.7,0.76815,-0.19641,0.099858,0.949,-0.314,-0.027,-0.013
4.75,0.7669,-0.19383,0.09317,0.949,-0.314,-0.027,-0.013
4.8,0.76565,-0.19107,0.086189,0.949,-0.314,-0.027,-0.013
4.85,0.76439,-0.18814,0.078919,0.949,-0.314,-0.027,-0.013
4.9,0.76313,-0.18504,0.071362,0.949,-0.314,-0.027,-0.013
4.95,0.76187,-0.18177,0.063521,0.949,-0.314,-0.027,-0.013
5,0.7606,-0.17832,0.055398,0.949,-0.314,-0.027,-0.013
