0.05,0.85571,0.15708,0.36556,0.949,-0.314,-0.027,-0.013
0.1,0.85396,0.14954,0.36674,0.949,-0.314,-0.027,-0.013
0.15,0.8523,0.14209,0.36777,0.949,-0.314,-0.027,-0.013
0.2,0.85077,0.13478,0.36861,0.949,-0.314,-0.027,-0.013
0.25,0.84944,0.12767,0.36924,0.949,-0.314,-0.027,-0.013
0.3,0.84841,0.12086,0.36963,0.949,-0.314,-0.027,-0.013
0.35,0.84781,0.11451,0.36977,0.949,-0.314,-0.027,-0.013
0.4,0.84784,0.10892,0.36962,0.949,-0.314,-0.027,-0.013
0.45,0.84868,0.10446,0.36907,0.949,-0.314,-0.027,-0.013
0.5,0.85016,0.10134,0.36791,0.949,-0.314,-0.027,-0.013
0.55,0.85153,0.099161,0.36584,0.949,-0.314,-0.027,-0.013
0.6,0.85212,0.097244,0.36262,0.949,-0.314,-0.027,-0.013
0.65,0.85205,0.09522,0.35821,0.949,-0.314,-0.027,-0.013
0.7,0.8518,0.092841,0.35271,0.949,-0.314,-0.027,-0.013
0.75,0.85167,0.089765,0.34621,0.949,-0.314,-0.027,-0.013
0.8,0.85179,0.085672,0.33886,0.949,-0.314,-0.027,-0.013
0.85,0.85212,0.080389,0.33078,0.949,-0.314,-0.027,-0.013
0.9,0.85258,0.073964,0.32207,0.949,-0.314,-0.027,-0.013
0.95,0.85306,0.066675,0.31282,0.949,-0.314,-0.027,-0.013
1,0.85355,0.05897,0.30306,0.949,-0.314,-0.027,-0.013
1.05,0.85406,0.05137,0.29279,0.949,-0.314,-0.027,-0.013
1.1,0.8547,0.044366,0.28201,0.949,-0.314,-0.027,-0.013
1.15,0.85553,0.038336,0.27073,0.949,-0.314,-0.027,-0.013
1.2,0.85662,0.033502,0.25901,0.949,-0.314,-0.027,-0.013
1.25,0.85791,0.029894,0.24698,0.949,-0.314,-0.027,-0.013
1.3,0.8593,0.027346,0.23483,0.949,-0.314,-0.027,-0.013
1.35,0.86059,0.025541,0.22277,0.949,-0.314,-0.027,-0.013
1.4,0.86164,0.024128,0.21097,0.949,-0.314,-0.027,-0.013
1.45,0.86236,0.022828,0.1996,0.949,-0.314,-0.027,-0.013
1.5,0.86276,0.021484,0.18871,0.949,-0.314,-0.027,-0.013
1.55,0.8629,0.020037,0.17834,0.949,-0.314,-0.027,-0.013
1.6,0.86285,0.018482,0.16848,0.949,-0.314,-0.027,-0.013
1.65,0.86265,0.01683,0.15911,0.949,-0.314,-0.027,-0.013
1.7,0.86233,0.015096,0.15022,0.949,-0.314,-0.027,-0.013
1.75,0.86194,0.013291,0.14177,0.949,-0.314,-0.027,-0.013
1.8,0.86146,0.01142,0.13376,0.949,-0.314,-0.027,-0.013
1.85,0.86092,0.0094892,0.12619,0.949,-0.314,-0.027,-0.013
1.9,0.86032,0.0074994,0.11904,0.949,-0.314,-0.027,-0.013
1.95,0.85965,0.0054518,0.11232,0.949,-0.314,-0.027,-0.013
2,0.85891,0.0033471,0.10602,0.949,-0.314,-0.027,-0.013
2.05,0.85812,0.0011854,0.10015,0.949,-0.314,-0.027,-0.013
2.1,0.85726,-0.0010331,0.0947,0.949,-0.314,-0.027,-0.013
2.15,0.85634,-0.0033084,0.089672,0.949,-0.314,-0.027,-0.013
2.2,0.85535,-0.0056405,0.085066,0.949,-0.314,-0.027,-0.013
2.25,0.85431,-0.0080293,0.080883,0.949,-0.314,-0.027,-0.013
2.3,0.8532,-0.010475,0.077124,0.949,-0.314,-0.027,-0.013
2.35,0.85202,-0.012977,0.073786,0.949,-0.314,-0.027,-0.013
2.4,0.85079,-0.015536,0.070872,0.949,-0.314,-0.027,-0.013
2.45,0.84949,-0.018152,0.06838,0.949,-0.314,-0.027,-0.013
2.5,0.84814,-0.020825,0.066311,0.949,-0.314,-0.027,-0.013
2.55,0.84671,-0.023554,0.064665,0.949,-0.314,-0.027,-0.013
2.6,0.84523,-0.02634,0.063442,0.949,-0.314,-0.027,-0.013
2.65,0.84368,-0.029184,0.062641,0.949,-0.314,-0.027,-0.013
2.7,0.84208,-0.032084,0.062264,0.949,-0.314,-0.027,-0.013
2.75,0.84041,-0.03504,0.06231,0.949,-0.314,-0.027,-0.013
2.8,0.83867,-0.038054,0.06278,0.949,-0.314,-0.027,-0.013
2.85,0.83688,-0.041125,0.063674,0.949,-0.314,-0.027,-0.013
2.9,0.83503,-0.044254,0.064992,0.949,-0.314,-0.027,-0.013
2.95,0.83312,-0.047439,0.066734,0.949,-0.314,-0.027,-0.013
3,0.83115,-0.050682,0.068899,0.949,-0.314,-0.027,-0.013
3.05,0.82914,-0.053981,0.071487,0.949,-0.314,-0.027,-0.013
3.1,0.82708,-0.057336,0.074495,0.949,-0.314,-0.027,-0.013
3.15,0.82499,-0.060745,0.077916,0.949,-0.314,-0.027,-0.013
3.2,0.82288,-0.064206,0.081738,0.949,-0.314,-0.027,-0.013
3.25,0.82077,-0.067713,0.085942,0.949,-0.314,-0.027,-0.013
3.3,0.81868,-0.07126,0.090495,0.949,-0.314,-0.027,-0.013
3.35,0.81666,-0.074838,0.095345,0.949,-0.314,-0.027,-0.013
3.4,0.81472,-0.078439,0.10042,0.949,-0.314,-0.027,-0.013
3.45,0.81292,-0.082054,0.10562,0.949,-0.314,-0.027,-0.013
3.5,0.81127,-0.085682,0.11081,0.949,-0.314,-0.027,-0.013
3.55,0.80978,-0.08933,0.11585,0.949,-0.314,-0.027,-0.013
3.6,0.80843,-0.093014,0.12058,0.949,-0.314,-0.027,-0.013
3.65,0.80719,-0.096754,0.12486,0.949,-0.314,-0.027,-0.013
3.7,0.806,-0.10057,0.12858,0.949,-0.314,-0.027,-0.013
3.75,0.80483,-0.10446,0.13167,0.949,-0.314,-0.027,-0.013
3.8,0.80362,-0.10843,0.13409,0.949,-0.314,-0.027,-0.013
3.85,0.80236,-0.11245,0.13584,0.949,-0.314,-0.027,-0.013
3.9,0.80103,-0.1165,0.13695,0.949,-0.314,-0.027,-0.013
3.95,0.79964,-0.12055,0.13745,0.949,-0.314,-0.027,-0.013
4,0.79818,-0.12455,0.13739,0.949,-0.314,-0.027,-0.013
4.05,0.79666,-0.1285,0.1368,0.949,-0.314,-0.027,-0.013
4.1,0.7951,-0.13236,0.13573,0.949,-0.314,-0.027,-0.013
4.15,0.7935,-0.13611,0.13421,0.949,-0.314,-0.027,-0.013
4.2,0.79187,-0.13975,0.13228,0.949,-0.314,-0.027,-0.013
4.25,0.79021,-0.14325,0.12995,0.949,-0.314,-0.027,-0.013
4.3,0.78852,-0.14661,0.12724,0.949,-0.314,-0.027,-0.013
4.35,0.78682,-0.14982,0.12418,0.949,-0.314,-0.027,-0.013
4.4,0.78511,-0.15288,0.12078,0.949,-0.314,-0.027,-0.013
4.45,0.78338,-0.15578,0.11704,0.949,-0.314,-0.027,-0.013
4.5,0.78164,-0.15852,0.11299,0.949,-0.314,-0.027,-0.013
4.55,0.77989,-0.1611,0.10862,0.949,-0.314,-0.027,-0.013
4.6,0.77814,-0.16352,0.10394,0.949,-0.314,-0.027,-0.013
4.65,0.77637,-0.16577,0.098957,0.949,-0.314,-0.027,-0.013
4.7,0.7746,-0.16785,0.093679,0.949,-0.314,-0.027,-0.013
4.75,0.77283,-0.16976,0.088106,0.949,-0.314,-0.027,-0.013
4.8,0.77104,-0.17151,0.082243,0.949,-0.314,-0.027,-0.013
4.85,0.76926,-0.17309,0.076092,0.949,-0.314,-0.027,-0.013
4.9,0.76747,-0.1745,0.069656,0.949,-0.314,-0.027,-0.013
4.95,0.76567,-0.17575,0.062936,0.949,-0.314,-0.027,-0.013
5,0.76387,-0.17682,0.055936,0.949,-0.314,-0.027,-0.013
