0.05,0.52739,-0.1132,0.47338,0.949,-0.314,-0.027,-0.013
0.1,0.53351,-0.11474,0.47188,0.949,-0.314,-0.027,-0.013
0.15,0.53971,-0.11618,0.47023,0.949,-0.314,-0.027,-0.013
0.2,0.546,-0.11754,0.46841,0.949,-0.314,-0.027,-0.013
0.25,0.55233,-0.1188,0.46643,0.949,-0.314,-0.027,-0.013
0.3,0.55869,-0.11996,0.46431,0.949,-0.314,-0.027,-0.013
0.35,0.56501,-0.121,0.46211,0.949,-0.314,-0.027,-0.013
0.4,0.57117,-0.12185,0.45991,0.949,-0.314,-0.027,-0.013
0.45,0.57698,-0.1223,0.45779,0.949,-0.314,-0.027,-0.013
0.5,0.58221,-0.122,0.45567,0.949,-0.314,-0.027,-0.013
0.55,0.58683,-0.12053,0.45316,0.949,-0.314,-0.027,-0.013
0.6,0.59102,-0.11787,0.44972,0.949,-0.314,-0.027,-0.013
0.65,0.59509,-0.11451,0.44514,0.949,-0.314,-0.027,-0.013
0.7,0.59926,-0.1111,0.43945,0.949,-0.314,-0.027,-0.013
0.75,0.60373,-0.10815,0.43278,0.949,-0.314,-0.027,-0.013
0.8,0.60861,-0.10602,0.42524,0.949,-0.314,-0.027,-0.013
0.85,0.61391,-0.1048,0.41698,0.949,-0.314,-0.027,-0.013
0.9,0.61954,-0.10444,0.4081,0.949,-0.314,-0.027,-0.013
0.95,0.62536,-0.10475,0.39868,0.949,-0.314,-0.027,-0.013
1,0.63121,-0.10546,0.38874,0.949,-0.314,-0.027,-0.013
1.05,0.63692,-0.10631,0.37829,0.949,-0.314,-0.027,-0.013
1.1,0.64236,-0.1071,0.36731,0.949,-0.314,-0.027,-0.013
1.15,0.64745,-0.10772,0.35581,0.949,-0.314,-0.027,-0.013
1.2,0.65214,-0.10811,0.34382,0.949,-0.314,-0.027,-0.013
1.25,0.65641,-0.10824,0.33145,0.949,-0.314,-0.027,-0.013
1.3,0.66029,-0.10816,0.31884,0.949,-0.314,-0.027,-0.013
1.35,0.66384,-0.10789,0.30617,0.949,-0.314,-0.027,-0.013
1.4,0.66713,-0.10749,0.29362,0.949,-0.314,-0.027,-0.013
1.45,0.67024,-0.10703,0.28134,0.949,-0.314,-0.027,-0.013
1.5,0.67322,-0.10655,0.26943,0.949,-0.314,-0.027,-0.013
1.55,0.6761,-0.10609,0.25796,0.949,-0.314,-0.027,-0.013
1.6,0.67889,-0.10566,0.24695,0.949,-0.314,-0.027,-0.013
1.65,0.68162,-0.10529,0.2364,0.949,-0.314,-0.027,-0.013
1.7,0.68428,-0.10496,0.22629,0.949,-0.314,-0.027,-0.013
1.75,0.68687,-0.1047,0.21663,0.949,-0.314,-0.027,-0.013
1.8,0.6894,-0.10449,0.20741,0.949,-0.314,-0.027,-0.013
1.85,0.69187,-0.10434,0.19861,0.949,-0.314,-0.027,-0.013
1.9,0.69427,-0.10424,0.19024,0.949,-0.314,-0.027,-0.013
1.95,0.69662,-0.1042,0.1823,0.949,-0.314,-0.027,-0.013
2,0.69889,-0.10422,0.17478,0.949,-0.314,-0.027,-0.013
2.05,0.70111,-0.10429,0.16768,0.949,-0.314,-0.027,-0.013
2.1,0.70327,-0.10443,0.16101,0.949,-0.314,-0.027,-0.013
2.15,0.70536,-0.10462,0.15476,0.949,-0.314,-0.027,-0.013
2.2,0.70739,-0.10486,0.14893,0.949,-0.314,-0.027,-0.013
2.25,0.70936,-0.10516,0.14353,0.949,-0.314,-0.027,-0.013
2.3,0.71126,-0.10552,0.13854,0.949,-0.314,-0.027,-0.013
2.35,0.7131,-0.10594,0.13398,0.949,-0.314,-0.027,-0.013
2.4,0.71488,-0.10641,0.12985,0.949,-0.314,-0.027,-0.013
2.45,0.7166,-0.10694,0.12613,0.949,-0.314,-0.027,-0.013
2.5,0.71825,-0.10752,0.12284,0.949,-0.314,-0.027,-0.013
2.55,0.71984,-0.10817,0.11997,0.949,-0.314,-0.027,-0.013
2.6,0.72137,-0.10887,0.11752,0.949,-0.314,-0.027,-0.013
2.65,0.72284,-0.10962,0.1155,0.949,-0.314,-0.027,-0.013
2.7,0.72424,-0.11044,0.1139,0.949,-0.314,-0.027,-0.013
2.75,0.72558,-0.11131,0.11273,0.949,-0.314,-0.027,-0.013
2.8,0.72686,-0.11224,0.11198,0.949,-0.314,-0.027,-0.013
2.85,0.72808,-0.11323,0.11165,0.949,-0.314,-0.027,-0.013
2.9,0.72923,-0.11427,0.11175,0.949,-0.314,-0.027,-0.013
2.95,0.73032,-0.11538,0.11227,0.949,-0.314,-0.027,-0.013
3,0.73134,-0.11656,0.11323,0.949,-0.314,-0.027,-0.013
3.05,0.7323,-0.1178,0.11461,0.949,-0.314,-0.027,-0.013
3.1,0.73319,-0.11911,0.11642,0.949,-0.314,-0.027,-0.013
3.15,0.73401,-0.1205,0.11866,0.949,-0.314,-0.027,-0.013
3.2,0.73476,-0.12198,0.12132,0.949,-0.314,-0.027,-0.013
3.25,0.73543,-0.12356,0.12439,0.949,-0.314,-0.027,-0.013
3.3,0.73602,-0.12525,0.12786,0.949,-0.314,-0.027,-0.013
3.35,0.73654,-0.12707,0.13168,0.949,-0.314,-0.027,-0.013
3.4,0.73697,-0.12904,0.13579,0.949,-0.314,-0.027,-0.013
3.45,0.73733,-0.13116,0.1401,0.949,-0.314,-0.027,-0.013
3.5,0.73762,-0.13345,0.14449,0.949,-0.314,-0.027,-0.013
3.55,0.73787,-0.1359,0.14881,0.949,-0.314,-0.027,-0.013
3.6,0.7381,-0.13851,0.15287,0.949,-0.314,-0.027,-0.013
3.65,0.73835,-0.14124,0.15651,0.949,-0.314,-0.027,-0.013
3.7,0.73864,-0.14407,0.15958,0.949,-0.314,-0.027,-0.013
3.75,0.739,-0.14694,0.16197,0.949,-0.314,-0.027,-0.013
3.8,0.73945,-0.14981,0.16362,0.949,-0.314,-0.027,-0.013
3.85,0.73999,-0.15265,0.16454,0.949,-0.314,-0.027,-0.013
3.9,0.74062,-0.15542,0.16473,0.949,-0.314,-0.027,-0.013
3.95,0.74133,-0.15809,0.16424,0.949,-0.314,-0.027,-0.013
4,0.7421,-0.16064,0.16312,0.949,-0.314,-0.027,-0.013
4.05,0.74293,-0.16305,0.16143,0.949,-0.314,-0.027,-0.013
4.1,0.74381,-0.16532,0.1592,0.949,-0.314,-0.027,-0.013
4.15,0.74473,-0.16743,0.1565,0.949,-0.314,-0.027,-0.013
4.2,0.74567,-0.16938,0.15334,0.949,-0.314,-0.027,-0.013
4.25,0.74664,-0.17116,0.14976,0.949,-0.314,-0.027,-0.013
4.3,0.74763,-0.17277,0.14579,0.949,-0.314,-0.027,-0.013
4.35,0.74864,-0.17422,0.14145,0.949,-0.314,-0.027,-0.013
4.4,0.74965,-0.1755,0.13676,0.949,-0.314,-0.027,-0.013
4.45,0.75068,-0.1766,0.13172,0.949,-0.314,-0.027,-0.013
4.5,0.7517,-0.17754,0.12635,0.949,-0.314,-0.027,-0.013
4.55,0.75274,-0.1783,0.12067,0.949,-0.314,-0.027,-0.013
4.6,0.75378,-0.17889,0.11467,0.949,-0.314,-0.027,-0.013
4.65,0.75481,-0.17931,0.10836,0.949,-0.314,-0.027,-0.013
4.7,0.75585,-0.17956,0.10175,0.949,-0.314,-0.027,-0.013
4.75,0.75689,-0.17963,0.094846,0.949,-0.314,-0.027,-0.013
4.8,0.75793,-0.17954,0.087647,0.949,-0.314,-0.027,-0.013
4.85,0.75897,-0.17928,0.080159,0.949,-0.314,-0.027,-0.013
4.9,0.76001,-0.17884,0.072384,0.949,-0.314,-0.027,-0.013
4.95,0.76104,-0.17823,0.064325,0.949,-0.314,-0.027,-0.013
5,0.76208,-0.17746,0.055984,0.949,-0.314,-0.027,-0.013
