0.05,0.50227,-0.093036,0.33282,0.949,-0.314,-0.027,-0.013
0.1,0.5083,-0.094998,0.33349,0.949,-0.314,-0.027,-0.013
0.15,0.51442,-0.096871,0.33401,0.949,-0.314,-0.027,-0.013
0.2,0.52061,-0.098647,0.33435,0.949,-0.314,-0.027,-0.013
0.25,0.52685,-0.10032,0.33448,0.949,-0.314,-0.027,-0.013
0.3,0.53313,-0.10188,0.3344,0.949,-0.314,-0.027,-0.013
0.35,0.53937,-0.10329,0.33411,0.949,-0.314,-0.027,-0.013
0.4,0.54547,-0.10447,0.33359,0.949,-0.314,-0.027,-0.013
0.45,0.55124,-0.10518,0.33282,0.949,-0.314,-0.027,-0.013
0.5,0.5565,-0.10506,0.33168,0.949,-0.314,-0.027,-0.013
0.55,0.56121,-0.10373,0.32994,0.949,-0.314,-0.027,-0.013
0.6,0.56557,-0.10122,0.32732,0.949,-0.314,-0.027,-0.013
0.65,0.56984,-0.09803,0.32367,0.949,-0.314,-0.027,-0.013
0.7,0.57425,-0.094799,0.31898,0.949,-0.314,-0.027,-0.013
0.75,0.57896,-0.092049,0.31334,0.949,-0.314,-0.027,-0.013
0.8,0.58408,-0.090101,0.30687,0.949,-0.314,-0.027,-0.013
0.85,0.58963,-0.089077,0.29971,0.949,-0.314,-0.027,-0.013
0.9,0.59553,-0.088915,0.29197,0.949,-0.314,-0.027,-0.013
0.95,0.60162,-0.089418,0.28371,0.949,-0.314,-0.027,-0.013
1,0.60774,-0.090318,0.27496,0.949,-0.314,-0.027,-0.013
1.05,0.61371,-0.091356,0.26567,0.949,-0.314,-0.027,-0.013
1.1,0.6194,-0.09233,0.25578,0.949,-0.314,-0.027,-0.013
1.15,0.62472,-0.093117,0.24528,0.949,-0.314,-0.027,-0.013
1.2,0.6296,-0.093658,0.23422,0.949,-0.314,-0.027,-0.013
1.25,0.63405,-0.093948,0.22271,0.949,-0.314,-0.027,-0.013
1.3,0.6381,-0.094018,0.21097,0.949,-0.314,-0.027,-0.013
1.35,0.64182,-0.093926,0.19924,0.949,-0.314,-0.027,-0.013
1.4,0.64531,-0.093738,0.18776,0.949,-0.314,-0.027,-0.013
1.45,0.64864,-0.093514,0.17669,0.949,-0.314,-0.027,-0.013
1.5,0.65185,-0.0933,0.16614,0.949,-0.314,-0.027,-0.013
1.55,0.65499,-0.093122,0.15612,0.949,-0.314,-0.027,-0.013
1.6,0.65805,-0.092996,0.14662,0.949,-0.314,-0.027,-0.013
1.65,0.66105,-0.092925,0.13763,0.949,-0.314,-0.027,-0.013
1.7,0.66399,-0.092914,0.12911,0.949,-0.314,-0.027,-0.013
1.75,0.66687,-0.09296,0.12104,0.949,-0.314,-0.027,-0.013
1.8,0.66968,-0.093065,0.11342,0.949,-0.314,-0.027,-0.013
1.85,0.67243,-0.093228,0.10623,0.949,-0.314,-0.027,-0.013
1.9,0.67512,-0.093447,0.099463,0.949,-0.314,-0.027,-0.013
1.95,0.67774,-0.093724,0.093125,0.949,-0.314,-0.027,-0.013
2,0.68031,-0.094058,0.087211,0.949,-0.314,-0.027,-0.013
2.05,0.68281,-0.094448,0.081721,0.949,-0.314,-0.027,-0.013
2.1,0.68524,-0.094895,0.076653,0.949,-0.314,-0.027,-0.013
2.15,0.68762,-0.095399,0.072009,0.949,-0.314,-0.027,-0.013
2.2,0.68993,-0.095959,0.067787,0.949,-0.314,-0.027,-0.013
2.25,0.69218,-0.096577,0.063987,0.949,-0.314,-0.027,-0.013
2.3,0.69437,-0.097251,0.060611,0.949,-0.314,-0.027,-0.013
2.35,0.6965,-0.097982,0.057657,0.949,-0.314,-0.027,-0.013
2.4,0.69856,-0.09877,0.055126,0.949,-0.314,-0.027,-0.013
2.45,0.70056,-0.099614,0.053018,0.949,-0.314,-0.027,-0.013
2.5,0.7025,-0.10052,0.051332,0.949,-0.314,-0.027,-0.013
2.55,0.70437,-0.10147,0.050069,0.949,-0.314,-0.027,-0.013
2.6,0.70619,-0.10249,0.049229,0.949,-0.314,-0.027,-0.013
2.65,0.70794,-0.10356,0.048813,0.949,-0.314,-0.027,-0.013
2.7,0.70962,-0.10469,0.048819,0.949,-0.314,-0.027,-0.013
2.75,0.71125,-0.10588,0.049248,0.949,-0.314,-0.027,-0.013
2.8,0.71281,-0.10712,0.050101,0.949,-0.314,-0.027,-0.013
2.85,0.71431,-0.10842,0.051377,0.949,-0.314,-0.027,-0.013
2.9,0.71574,-0.10979,0.053077,0.949,-0.314,-0.027,-0.013
2.95,0.71711,-0.11121,0.055201,0.949,-0.314,-0.027,-0.013
3,0.71842,-0.1127,0.057746,0.949,-0.314,-0.027,-0.013
3.05,0.71965,-0.11425,0.060713,0.949,-0.314,-0.027,-0.013
3.1,0.72082,-0.11587,0.064096,0.949,-0.314,-0.027,-0.013
3.15,0.72191,-0.11757,0.067887,0.949,-0.314,-0.027,-0.013
3.2,0.72293,-0.11935,0.072074,0.949,-0.314,-0.027,-0.013
3.25,0.72387,-0.12122,0.076632,0.949,-0.314,-0.027,-0.013
3.3,0.72471,-0.12319,0.081525,0.949,-0.314,-0.027,-0.013
3.35,0.72547,-0.12527,0.086698,0.949,-0.314,-0.027,-0.013
3.4,0.72612,-0.12749,0.092071,0.949,-0.314,-0.027,-0.013
3.45,0.72668,-0.12983,0.09754,0.949,-0.314,-0.027,-0.013
3.5,0.72716,-0.13233,0.10297,0.949,-0.314,-0.027,-0.013
3.55,0.72756,-0.13496,0.10822,0.949,-0.314,-0.027,-0.013
3.6,0.72793,-0.13773,0.11314,0.949,-0.314,-0.027,-0.013
3.65,0.72831,-0.14062,0.11759,0.949,-0.314,-0.027,-0.013
3.7,0.72872,-0.14359,0.12147,0.949,-0.314,-0.027,-0.013
3.75,0.72921,-0.14662,0.12471,0.949,-0.314,-0.027,-0.013
3.8,0.72979,-0.14966,0.12729,0.949,-0.314,-0.027,-0.013
3.85,0.73047,-0.15268,0.12921,0.949,-0.314,-0.027,-0.013
3.9,0.73124,-0.15565,0.13049,0.949,-0.314,-0.027,-0.013
3.95,0.7321,-0.15853,0.13118,0.949,-0.314,-0.027,-0.013
4,0.73305,-0.1613,0.13132,0.949,-0.314,-0.027,-0.013
4.05,0.73405,-0.16394,0.13094,0.949,-0.314,-0.027,-0.013
4.1,0.73512,-0.16645,0.13009,0.949,-0.314,-0.027,-0.013
4.15,0.73622,-0.16881,0.1288,0.949,-0.314,-0.027,-0.013
4.2,0.73736,-0.17102,0.12709,0.949,-0.314,-0.027,-0.013
4.25,0.73853,-0.17307,0.125,0.949,-0.314,-0.027,-0.013
4.3,0.73971,-0.17495,0.12253,0.949,-0.314,-0.027,-0.013
4.35,0.74092,-0.17667,0.11971,0.949,-0.314,-0.027,-0.013
4.4,0.74214,-0.17821,0.11655,0.949,-0.314,-0.027,-0.013
4.45,0.74337,-0.17959,0.11306,0.949,-0.314,-0.027,-0.013
4.5,0.7446,-0.18081,0.10925,0.949,-0.314,-0.027,-0.013
4.55,0.74584,-0.18185,0.10513,0.949,-0.314,-0.027,-0.013
4.6,0.74709,-0.18272,0.1007,0.949,-0.314,-0.027,-0.013
4.65,0.74834,-0.18342,0.095966,0.949,-0.314,-0.027,-0.013
4.7,0.74959,-0.18394,0.090937,0.949,-0.314,-0.027,-0.013
4.75,0.75084,-0.1843,0.085616,0.949,-0.314,-0.027,-0.013
4.8,0.75209,-0.18449,0.080004,0.949,-0.314,-0.027,-0.013
4.85,0.75334,-0.18451,0.074104,0.949,-0.314,-0.027,-0.013
4.9,0.75458,-0.18436,0.067919,0.949,-0.314,-0.027,-0.013
4.95,0.75583,-0.18403,0.061452,0.949,-0.314,-0.027,-0.013
5,0.75707,-0.18354,0.054704,0.949,-0.314,-0.027,-0.013
