0.05,0.33536,-0.40885,0.49222,0.998,0.065,-0.013,-0.018
0.1,0.34705,-0.40526,0.49314,0.998,0.065,-0.013,-0.018
0.15,0.35892,-0.40204,0.49354,0.998,0.065,-0.013,-0.018
0.2,0.37095,-0.39919,0.4934,0.998,0.065,-0.013,-0.018
0.25,0.38316,-0.39673,0.49273,0.998,0.065,-0.013,-0.018
0.3,0.39555,-0.39464,0.49152,0.998,0.065,-0.013,-0.018
0.35,0.4081,-0.39294,0.48978,0.998,0.065,-0.013,-0.018
0.4,0.42081,-0.39164,0.4875,0.998,0.065,-0.013,-0.018
0.45,0.43369,-0.39074,0.48467,0.998,0.065,-0.013,-0.018
0.5,0.44671,-0.39026,0.48128,0.998,0.065,-0.013,-0.018
0.55,0.45987,-0.39023,0.47732,0.998,0.065,-0.013,-0.018
0.6,0.47314,-0.39068,0.47276,0.998,0.065,-0.013,-0.018
0.65,0.48646,-0.39168,0.46758,0.998,0.065,-0.013,-0.018
0.7,0.49978,-0.39331,0.46173,0.998,0.065,-0.013,-0.018
0.75,0.51296,-0.3957,0.45516,0.998,0.065,-0.013,-0.018
0.8,0.52584,-0.39902,0.44781,0.998,0.065,-0.013,-0.018
0.85,0.53815,-0.40341,0.4396,0.998,0.065,-0.013,-0.018
0.9,0.54959,-0.40896,0.43052,0.998,0.065,-0.013,-0.018
0.95,0.55987,-0.41547,0.42061,0.998,0.065,-0.013,-0.018
1,0.56881,-0.42238,0.41008,0.998,0.065,-0.013,-0.018
1.05,0.57649,-0.42888,0.39927,0.998,0.065,-0.013,-0.018
1.1,0.58312,-0.43425,0.38854,0.998,0.065,-0.013,-0.018
1.15,0.58897,-0.43816,0.37823,0.998,0.065,-0.013,-0.018
1.2,0.59426,-0.44063,0.36856,0.998,0.065,-0.013,-0.018
1.25,0.59914,-0.44188,0.35963,0.998,0.065,-0.013,-0.018
1.3,0.60369,-0.44211,0.35149,0.998,0.065,-0.013,-0.018
1.35,0.60798,-0.4415,0.34414,0.998,0.065,-0.013,-0.018
1.4,0.61204,-0.44016,0.33758,0.998,0.065,-0.013,-0.018
1.45,0.61588,-0.43815,0.3318,0.998,0.065,-0.013,-0.018
1.5,0.61953,-0.43553,0.32681,0.998,0.065,-0.013,-0.018
1.55,0.62299,-0.43232,0.32258,0.998,0.065,-0.013,-0.018
1.6,0.62626,-0.42852,0.31913,0.998,0.065,-0.013,-0.018
1.65,0.62814,-0.42981,0.31567,0.998,0.065,-0.013,-0.018
1.7,0.62983,-0.43052,0.31299,0.998,0.065,-0.013,-0.018
1.75,0.63136,-0.43065,0.3111,0.998,0.065,-0.013,-0.018
1.8,0.63274,-0.43017,0.31004,0.998,0.065,-0.013,-0.018
1.85,0.63401,-0.42905,0.30985,0.998,0.065,-0.013,-0.018
1.9,0.63524,-0.42724,0.31062,0.998,0.065,-0.013,-0.018
1.95,0.63659,-0.42465,0.31243,0.998,0.065,-0.013,-0.018
2,0.63828,-0.42116,0.31538,0.998,0.065,-0.013,-0.018
2.05,0.64062,-0.41668,0.31941,0.998,0.065,-0.013,-0.018
2.1,0.64391,-0.41123,0.32428,0.998,0.065,-0.013,-0.018
2.15,0.6483,-0.40495,0.32945,0.998,0.065,-0.013,-0.018
2.2,0.6537,-0.39814,0.33431,0.998,0.065,-0.013,-0.018
2.25,0.65985,-0.39107,0.33839,0.998,0.065,-0.013,-0.018
2.3,0.66647,-0.38394,0.3414,0.998,0.065,-0.013,-0.018
2.35,0.67333,-0.37689,0.34319,0.998,0.065,-0.013,-0.018
2.4,0.68025,-0.36999,0.34373,0.998,0.065,-0.013,-0.018
2.45,0.68715,-0.36325,0.34301,0.998,0.065,-0.013,-0.018
2.5,0.69395,-0.35671,0.34103,0.998,0.065,-0.013,-0.018
2.55,0.70059,-0.35038,0.33778,0.998,0.065,-0.013,-0.018
2.6,0.70703,-0.34427,0.33324,0.998,0.065,-0.013,-0.018
2.65,0.7132,-0.3384,0.32739,0.998,0.065,-0.013,-0.018
2.7,0.71902,-0.33283,0.32018,0.998,0.065,-0.013,-0.018
2.75,0.72436,-0.32763,0.31162,0.998,0.065,-0.013,-0.018
2.8,0.72905,-0.32292,0.30181,0.998,0.065,-0.013,-0.018
2.85,0.73292,-0.31885,0.29106,0.998,0.065,-0.013,-0.018
2.9,0.7359,-0.31555,0.28,0.998,0.065,-0.013,-0.018
2.95,0.73811,-0.31304,0.2694,0.998,0.065,-0.013,-0.018
3,0.73982,-0.31122,0.25989,0.998,0.065,-0.013,-0.018
3.05,0.74129,-0.30991,0.2518,0.998,0.065,-0.013,-0.018
3.1,0.74274,-0.30898,0.24519,0.998,0.065,-0.013,-0.018
3.15,0.74428,-0.30834,0.24005,0.998,0.065,-0.013,-0.018
3.2,0.74597,-0.30792,0.23629,0.998,0.065,-0.013,-0.018
3.25,0.74784,-0.30771,0.23388,0.998,0.065,-0.013,-0.018
3.3,0.7504,-0.3095,0.23305,0.998,0.065,-0.013,-0.018
3.35,0.75316,-0.31146,0.23351,0.998,0.065,-0.013,-0.018
3.4,0.75615,-0.31357,0.23527,0.998,0.065,-0.013,-0.018
3.45,0.75937,-0.31583,0.23831,0.998,0.065,-0.013,-0.018
3.5,0.76284,-0.31821,0.24263,0.998,0.065,-0.013,-0.018
3.55,0.76659,-0.32068,0.2482,0.998,0.065,-0.013,-0.018
3.6,0.77067,-0.3232,0.25496,0.998,0.065,-0.013,-0.018
3.65,0.77511,-0.3257,0.26275,0.998,0.065,-0.013,-0.018
3.7,0.77997,-0.32816,0.27133,0.998,0.065,-0.013,-0.018
3.75,0.7853,-0.33058,0.28032,0.998,0.065,-0.013,-0.018
3.8,0.79112,-0.33299,0.28927,0.998,0.065,-0.013,-0.018
3.85,0.79738,-0.33549,0.29772,0.998,0.065,-0.013,-0.018
3.9,0.80396,-0.33812,0.3054,0.998,0.065,-0.013,-0.018
3.95,0.81072,-0.34084,0.31218,0.998,0.065,-0.013,-0.018
4,0.8175,-0.34361,0.31812,0.998,0.065,-0.013,-0.018
4.05,0.82421,-0.34635,0.3233,0.998,0.065,-0.013,-0.018
4.1,0.83077,-0.34903,0.32782,0.998,0.065,-0.013,-0.018
4.15,0.83714,-0.3516,0.33176,0.998,0.065,-0.013,-0.018
4.2,0.8433,-0.35405,0.33518,0.998,0.065,-0.013,-0.018
4.25,0.84925,-0.35638,0.33811,0.998,0.065,-0.013,-0.018
4.3,0.85498,-0.35858,0.34059,0.998,0.065,-0.013,-0.018
4.35,0.86048,-0.36065,0.34262,0.998,0.065,-0.013,-0.018
4.4,0.86575,-0.36259,0.34421,0.998,0.065,-0.013,-0.018
4.45,0.8708,-0.36439,0.34537,0.998,0.065,-0.013,-0.018
4.5,0.87563,-0.36605,0.3461,0.998,0.065,-0.013,-0.018
4.55,0.88023,-0.36759,0.3464,0.998,0.065,-0.013,-0.018
4.6,0.8846,-0.36899,0.34626,0.998,0.065,-0.013,-0.018
4.65,0.88875,-0.37026,0.3457,0.998,0.065,-0.013,-0.018
4.7,0.89267,-0.37139,0.34471,0.998,0.065,-0.013,-0.018
4.75,0.89636,-0.37239,0.34329,0.998,0.065,-0.013,-0.018
4.8,0.89983,-0.37325,0.34144,0.998,0.065,-0.013,-0.018
4.85,0.90308,-0.37399,0.33916,0.998,0.065,-0.013,-0.018
4.9,0.9061,-0.37458,0.33645,0.998,0.065,-0.013,-0.018
4.95,0.90889,-0.37505,0.33331,0.998,0.065,-0.013,-0.018
5,0.91146,-0.37538,0.32974,0.998,0.065,-0.013,-0.018
