0.05,0.50669,-0.11347,0.42475,0.998,0.065,-0.013,-0.018
0.1,0.50982,-0.12277,0.42918,0.998,0.065,-0.013,-0.018
0.15,0.51313,-0.13243,0.43308,0.998,0.065,-0.013,-0.018
0.2,0.51662,-0.14247,0.43645,0.998,0.065,-0.013,-0.018
0.25,0.52028,-0.15288,0.43929,0.998,0.065,-0.013,-0.018
0.3,0.52412,-0.16367,0.44159,0.998,0.065,-0.013,-0.018
0.35,0.52814,-0.17482,0.44334,0.998,0.065,-0.013,-0.018
0.4,0.53234,-0.18635,0.44455,0.998,0.065,-0.013,-0.018
0.45,0.53673,-0.19825,0.4452,0.998,0.065,-0.013,-0.018
0.5,0.54129,-0.21051,0.44528,0.998,0.065,-0.013,-0.018
0.55,0.54605,-0.22314,0.44477,0.998,0.065,-0.013,-0.018
0.6,0.551,-0.23611,0.44362,0.998,0.065,-0.013,-0.018
0.65,0.55617,-0.24941,0.44178,0.998,0.065,-0.013,-0.018
0.7,0.56155,-0.263,0.43919,0.998,0.065,-0.013,-0.018
0.75,0.56717,-0.2768,0.43572,0.998,0.065,-0.013,-0.018
0.8,0.57303,-0.2907,0.43124,0.998,0.065,-0.013,-0.018
0.85,0.57913,-0.30453,0.42557,0.998,0.065,-0.013,-0.018
0.9,0.5854,-0.31802,0.41858,0.998,0.065,-0.013,-0.018
0.95,0.59167,-0.33089,0.41027,0.998,0.065,-0.013,-0.018
1,0.59766,-0.3429,0.40086,0.998,0.065,-0.013,-0.018
1.05,0.60305,-0.35391,0.39081,0.998,0.065,-0.013,-0.018
1.1,0.60763,-0.3639,0.3807,0.998,0.065,-0.013,-0.018
1.15,0.61137,-0.37293,0.37095,0.998,0.065,-0.013,-0.018
1.2,0.61439,-0.3811,0.36186,0.998,0.065,-0.013,-0.018
1.25,0.61684,-0.38849,0.35354,0.998,0.065,-0.013,-0.018
1.3,0.61887,-0.39516,0.34603,0.998,0.065,-0.013,-0.018
1.35,0.62055,-0.40118,0.33933,0.998,0.065,-0.013,-0.018
1.4,0.62197,-0.40657,0.33344,0.998,0.065,-0.013,-0.018
1.45,0.62316,-0.41136,0.32833,0.998,0.065,-0.013,-0.018
1.5,0.62413,-0.41556,0.324,0.998,0.065,-0.013,-0.018
1.55,0.62491,-0.41918,0.32045,0.998,0.065,-0.013,-0.018
1.6,0.62549,-0.42222,0.31766,0.998,0.065,-0.013,-0.018
1.65,0.62747,-0.42365,0.31437,0.998,0.065,-0.013,-0.018
1.7,0.62927,-0.42449,0.31185,0.998,0.065,-0.013,-0.018
1.75,0.63091,-0.42476,0.31013,0.998,0.065,-0.013,-0.018
1.8,0.63239,-0.42441,0.30923,0.998,0.065,-0.013,-0.018
1.85,0.63376,-0.42343,0.3092,0.998,0.065,-0.013,-0.018
1.9,0.63509,-0.42175,0.31012,0.998,0.065,-0.013,-0.018
1.95,0.63653,-0.41928,0.31207,0.998,0.065,-0.013,-0.018
2,0.63829,-0.41589,0.31514,0.998,0.065,-0.013,-0.018
2.05,0.6407,-0.4115,0.31928,0.998,0.065,-0.013,-0.018
2.1,0.64404,-0.40611,0.32423,0.998,0.065,-0.013,-0.018
2.15,0.64847,-0.3999,0.32947,0.998,0.065,-0.013,-0.018
2.2,0.65391,-0.39315,0.33443,0.998,0.065,-0.013,-0.018
2.25,0.66011,-0.38615,0.33861,0.998,0.065,-0.013,-0.018
2.3,0.66678,-0.37912,0.34172,0.998,0.065,-0.013,-0.018
2.35,0.6737,-0.37216,0.34364,0.998,0.065,-0.013,-0.018
2.4,0.68068,-0.36536,0.34432,0.998,0.065,-0.013,-0.018
2.45,0.68764,-0.35873,0.34373,0.998,0.065,-0.013,-0.018
2.5,0.6945,-0.35229,0.34189,0.998,0.065,-0.013,-0.018
2.55,0.70121,-0.34607,0.33878,0.998,0.065,-0.013,-0.018
2.6,0.70771,-0.34006,0.33438,0.998,0.065,-0.013,-0.018
2.65,0.71394,-0.3343,0.32866,0.998,0.065,-0.013,-0.018
2.7,0.71982,-0.32882,0.32159,0.998,0.065,-0.013,-0.018
2.75,0.72522,-0.32371,0.31314,0.998,0.065,-0.013,-0.018
2.8,0.72995,-0.31907,0.30342,0.998,0.065,-0.013,-0.018
2.85,0.73386,-0.31507,0.29276,0.998,0.065,-0.013,-0.018
2.9,0.73688,-0.31183,0.28178,0.998,0.065,-0.013,-0.018
2.95,0.73914,-0.30939,0.27127,0.998,0.065,-0.013,-0.018
3,0.7409,-0.30764,0.26186,0.998,0.065,-0.013,-0.018
3.05,0.74245,-0.30643,0.25389,0.998,0.065,-0.013,-0.018
3.1,0.74398,-0.30561,0.24743,0.998,0.065,-0.013,-0.018
3.15,0.7456,-0.30508,0.24242,0.998,0.065,-0.013,-0.018
3.2,0.74737,-0.30478,0.23882,0.998,0.065,-0.013,-0.018
3.25,0.74933,-0.30469,0.23656,0.998,0.065,-0.013,-0.018
3.3,0.75041,-0.30256,0.23539,0.998,0.065,-0.013,-0.018
3.35,0.75171,-0.30064,0.23551,0.998,0.065,-0.013,-0.018
3.4,0.75324,-0.29892,0.23694,0.998,0.065,-0.013,-0.018
3.45,0.75505,-0.29744,0.23965,0.998,0.065,-0.013,-0.018
3.5,0.75716,-0.29621,0.24366,0.998,0.065,-0.013,-0.018
3.55,0.75962,-0.29526,0.24894,0.998,0.065,-0.013,-0.018
3.6,0.76249,-0.29462,0.25542,0.998,0.065,-0.013,-0.018
3.65,0.76584,-0.2943,0.26298,0.998,0.065,-0.013,-0.018
3.7,0.76972,-0.29427,0.27137,0.998,0.065,-0.013,-0.018
3.75,0.7741,-0.29439,0.28022,0.998,0.065,-0.013,-0.018
3.8,0.77888,-0.29445,0.28905,0.998,0.065,-0.013,-0.018
3.85,0.78386,-0.29419,0.29742,0.998,0.065,-0.013,-0.018
3.9,0.78885,-0.29345,0.30501,0.998,0.065,-0.013,-0.018
3.95,0.7937,-0.2922,0.31172,0.998,0.065,-0.013,-0.018
4,0.79835,-0.29051,0.31756,0.998,0.065,-0.013,-0.018
4.05,0.80275,-0.28845,0.32264,0.998,0.065,-0.013,-0.018
4.1,0.8069,-0.28612,0.32706,0.998,0.065,-0.013,-0.018
4.15,0.81081,-0.28357,0.3309,0.998,0.065,-0.013,-0.018
4.2,0.81448,-0.28084,0.33421,0.998,0.065,-0.013,-0.018
4.25,0.81792,-0.27794,0.33704,0.998,0.065,-0.013,-0.018
4.3,0.82113,-0.2749,0.33942,0.998,0.065,-0.013,-0.018
4.35,0.82411,-0.27172,0.34134,0.998,0.065,-0.013,-0.018
4.4,0.82686,-0.2684,0.34283,0.998,0.065,-0.013,-0.018
4.45,0.82938,-0.26495,0.34388,0.998,0.065,-0.013,-0.018
4.5,0.83168,-0.26136,0.3445,0.998,0.065,-0.013,-0.018
4.55,0.83375,-0.25763,0.34469,0.998,0.065,-0.013,-0.018
4.6,0.8356,-0.25377,0.34445,0.998,0.065,-0.013,-0.018
4.65,0.83722,-0.24978,0.34379,0.998,0.065,-0.013,-0.018
4.7,0.83862,-0.24566,0.34269,0.998,0.065,-0.013,-0.018
4.75,0.83978,-0.2414,0.34116,0.998,0.065,-0.013,-0.018
4.8,0.84073,-0.237,0.3392,0.998,0.065,-0.013,-0.018
4.85,0.84144,-0.23248,0.33682,0.998,0.065,-0.013,-0.018
4.9,0.84194,-0.22782,0.334,0.998,0.065,-0.013,-0.018
4.95,0.8422,-0.22302,0.33076,0.998,0.065,-0.013,-0.018
5,0.84224,-0.2181,0.32709,0.998,0.065,-0.013,-0.018
