0.05,0.34779,-0.19199,0.59036,0.998,0.065,-0.013,-0.018
0.1,0.35896,-0.19774,0.58731,0.998,0.065,-0.013,-0.018
0.15,0.3703,-0.20387,0.58373,0.998,0.065,-0.013,-0.018
0.2,0.38181,-0.21038,0.57962,0.998,0.065,-0.013,-0.018
0.25,0.3935,-0.21726,0.57498,0.998,0.065,-0.013,-0.018
0.3,0.40536,-0.22451,0.5698,0.998,0.065,-0.013,-0.018
0.35,0.41738,-0.23214,0.5641,0.998,0.065,-0.013,-0.018
0.4,0.42958,-0.24015,0.55786,0.998,0.065,-0.013,-0.018
0.45,0.44193,-0.24853,0.55108,0.998,0.065,-0.013,-0.018
0.5,0.45444,-0.2573,0.54376,0.998,0.065,-0.013,-0.018
0.55,0.46708,-0.26645,0.53589,0.998,0.065,-0.013,-0.018
0.6,0.47983,-0.27599,0.52747,0.998,0.065,-0.013,-0.018
0.65,0.49266,-0.28592,0.5185,0.998,0.065,-0.013,-0.018
0.7,0.50549,-0.29622,0.50896,0.998,0.065,-0.013,-0.018
0.75,0.51821,-0.3069,0.49887,0.998,0.065,-0.013,-0.018
0.8,0.53065,-0.3179,0.48824,0.998,0.065,-0.013,-0.018
0.85,0.54257,-0.32915,0.47711,0.998,0.065,-0.013,-0.018
0.9,0.55368,-0.3405,0.46552,0.998,0.065,-0.013,-0.018
0.95,0.56368,-0.3517,0.45355,0.998,0.065,-0.013,-0.018
1,0.57238,-0.36244,0.44125,0.998,0.065,-0.013,-0.018
1.05,0.57981,-0.37243,0.42871,0.998,0.065,-0.013,-0.018
1.1,0.58616,-0.38146,0.41608,0.998,0.065,-0.013,-0.018
1.15,0.59169,-0.38949,0.40358,0.998,0.065,-0.013,-0.018
1.2,0.59661,-0.39657,0.39143,0.998,0.065,-0.013,-0.018
1.25,0.60108,-0.40279,0.37982,0.998,0.065,-0.013,-0.018
1.3,0.60521,-0.40824,0.36886,0.998,0.065,-0.013,-0.018
1.35,0.60907,-0.41299,0.35862,0.998,0.065,-0.013,-0.018
1.4,0.61269,-0.4171,0.34912,0.998,0.065,-0.013,-0.018
1.45,0.61609,-0.4206,0.34038,0.998,0.065,-0.013,-0.018
1.5,0.61929,-0.4235,0.3324,0.998,0.065,-0.013,-0.018
1.55,0.6223,-0.42582,0.32519,0.998,0.065,-0.013,-0.018
1.6,0.62513,-0.42757,0.31874,0.998,0.065,-0.013,-0.018
1.65,0.6272,-0.42875,0.31545,0.998,0.065,-0.013,-0.018
1.7,0.62908,-0.42935,0.31294,0.998,0.065,-0.013,-0.018
1.75,0.6308,-0.42937,0.31122,0.998,0.065,-0.013,-0.018
1.8,0.63237,-0.42879,0.31033,0.998,0.065,-0.013,-0.018
1.85,0.63382,-0.42757,0.3103,0.998,0.065,-0.013,-0.018
1.9,0.63524,-0.42566,0.31122,0.998,0.065,-0.013,-0.018
1.95,0.63675,-0.42298,0.31318,0.998,0.065,-0.013,-0.018
2,0.63859,-0.41941,0.31625,0.998,0.065,-0.013,-0.018
2.05,0.64105,-0.41486,0.32039,0.998,0.065,-0.013,-0.018
2.1,0.64444,-0.40934,0.32534,0.998,0.065,-0.013,-0.018
2.15,0.64892,-0.40301,0.33059,0.998,0.065,-0.013,-0.018
2.2,0.65442,-0.39613,0.33555,0.998,0.065,-0.013,-0.018
2.25,0.66069,-0.38897,0.33973,0.998,0.065,-0.013,-0.018
2.3,0.66745,-0.38176,0.34285,0.998,0.065,-0.013,-0.018
2.35,0.67445,-0.3746,0.34477,0.998,0.065,-0.013,-0.018
2.4,0.68154,-0.36758,0.34545,0.998,0.065,-0.013,-0.018
2.45,0.6886,-0.36074,0.34487,0.998,0.065,-0.013,-0.018
2.5,0.69556,-0.35408,0.34303,0.998,0.065,-0.013,-0.018
2.55,0.70237,-0.34763,0.33993,0.998,0.065,-0.013,-0.018
2.6,0.70898,-0.3414,0.33553,0.998,0.065,-0.013,-0.018
2.65,0.71531,-0.33542,0.32981,0.998,0.065,-0.013,-0.018
2.7,0.72128,-0.32974,0.32274,0.998,0.065,-0.013,-0.018
2.75,0.72676,-0.32445,0.3143,0.998,0.065,-0.013,-0.018
2.8,0.73157,-0.31965,0.30458,0.998,0.065,-0.013,-0.018
2.85,0.73554,-0.31552,0.29392,0.998,0.065,-0.013,-0.018
2.9,0.73861,-0.31217,0.28294,0.998,0.065,-0.013,-0.018
2.95,0.74091,-0.30961,0.27243,0.998,0.065,-0.013,-0.018
3,0.74273,-0.30771,0.26303,0.998,0.065,-0.013,-0.018
3.05,0.74435,-0.30633,0.25506,0.998,0.065,-0.013,-0.018
3.1,0.74595,-0.30531,0.2486,0.998,0.065,-0.013,-0.018
3.15,0.74765,-0.30458,0.2436,0.998,0.065,-0.013,-0.018
3.2,0.7495,-0.30407,0.23999,0.998,0.065,-0.013,-0.018
3.25,0.75154,-0.30376,0.23774,0.998,0.065,-0.013,-0.018
3.3,0.75247,-0.30162,0.23638,0.998,0.065,-0.013,-0.018
3.35,0.75362,-0.29968,0.23632,0.998,0.065,-0.013,-0.018
3.4,0.75502,-0.29795,0.23756,0.998,0.065,-0.013,-0.018
3.45,0.75668,-0.29646,0.2401,0.998,0.065,-0.013,-0.018
3.5,0.75865,-0.29521,0.24393,0.998,0.065,-0.013,-0.018
3.55,0.76098,-0.29425,0.24904,0.998,0.065,-0.013,-0.018
3.6,0.76374,-0.2936,0.25537,0.998,0.065,-0.013,-0.018
3.65,0.76699,-0.29327,0.2628,0.998,0.065,-0.013,-0.018
3.7,0.77077,-0.29322,0.27107,0.998,0.065,-0.013,-0.018
3.75,0.77507,-0.29334,0.27982,0.998,0.065,-0.013,-0.018
3.8,0.77976,-0.29338,0.28855,0.998,0.065,-0.013,-0.018
3.85,0.78465,-0.29311,0.29681,0.998,0.065,-0.013,-0.018
3.9,0.78952,-0.29235,0.30426,0.998,0.065,-0.013,-0.018
3.95,0.79424,-0.29108,0.31081,0.998,0.065,-0.013,-0.018
4,0.79872,-0.28936,0.31647,0.998,0.065,-0.013,-0.018
4.05,0.80296,-0.28728,0.32136,0.998,0.065,-0.013,-0.018
4.1,0.80694,-0.28492,0.32558,0.998,0.065,-0.013,-0.018
4.15,0.81067,-0.28234,0.32921,0.998,0.065,-0.013,-0.018
4.2,0.81416,-0.27958,0.33232,0.998,0.065,-0.013,-0.018
4.25,0.81742,-0.27666,0.33494,0.998,0.065,-0.013,-0.018
4.3,0.82044,-0.27359,0.33711,0.998,0.065,-0.013,-0.018
4.35,0.82324,-0.27038,0.33882,0.998,0.065,-0.013,-0.018
4.4,0.8258,-0.26704,0.3401,0.998,0.065,-0.013,-0.018
4.45,0.82814,-0.26355,0.34094,0.998,0.065,-0.013,-0.018
4.5,0.83026,-0.25993,0.34135,0.998,0.065,-0.013,-0.018
4.55,0.83215,-0.25618,0.34133,0.998,0.065,-0.013,-0.018
4.6,0.83381,-0.25229,0.34088,0.998,0.065,-0.013,-0.018
4.65,0.83525,-0.24827,0.34,0.998,0.065,-0.013,-0.018
4.7,0.83646,-0.24412,0.33869,0.998,0.065,-0.013,-0.018
4.75,0.83745,-0.23983,0.33696,0.998,0.065,-0.013,-0.018
4.8,0.83821,-0.23541,0.33479,0.998,0.065,-0.013,-0.018
4.85,0.83874,-0.23086,0.33219,0.998,0.065,-0.013,-0.018
4.9,0.83905,-0.22617,0.32917,0.998,0.065,-0.013,-0.018
4.95,0.83913,-0.22135,0.32571,0.998,0.065,-0.013,-0.018
5,0.83899,-0.21639,0.32183,0.998,0.065,-0.013,-0.018
