0.05,0.34466,-0.18591,0.57903,0.998,0.065,-0.013,-0.018
0.1,0.35561,-0.19213,0.57648,0.998,0.065,-0.013,-0.018
0.15,0.36674,-0.19872,0.57341,0.998,0.065,-0.013,-0.018
0.2,0.37804,-0.20568,0.5698,0.998,0.065,-0.013,-0.018
0.25,0.38952,-0.21301,0.56567,0.998,0.065,-0.013,-0.018
0.3,0.40116,-0.22072,0.561,0.998,0.065,-0.013,-0.018
0.35,0.41298,-0.22881,0.5558,0.998,0.065,-0.013,-0.018
0.4,0.42496,-0.23727,0.55007,0.998,0.065,-0.013,-0.018
0.45,0.43711,-0.24612,0.54379,0.998,0.065,-0.013,-0.018
0.5,0.4494,-0.25534,0.53698,0.998,0.065,-0.013,-0.018
0.55,0.46184,-0.26494,0.52961,0.998,0.065,-0.013,-0.018
0.6,0.47439,-0.27492,0.52168,0.998,0.065,-0.013,-0.018
0.65,0.48701,-0.28529,0.51319,0.998,0.065,-0.013,-0.018
0.7,0.49964,-0.29602,0.50413,0.998,0.065,-0.013,-0.018
0.75,0.51218,-0.3071,0.49449,0.998,0.065,-0.013,-0.018
0.8,0.52445,-0.31848,0.48427,0.998,0.065,-0.013,-0.018
0.85,0.53622,-0.33007,0.47351,0.998,0.065,-0.013,-0.018
0.9,0.54721,-0.34169,0.46224,0.998,0.065,-0.013,-0.018
0.95,0.55713,-0.35312,0.45053,0.998,0.065,-0.013,-0.018
1,0.56579,-0.36405,0.43845,0.998,0.065,-0.013,-0.018
1.05,0.57322,-0.37421,0.42612,0.998,0.065,-0.013,-0.018
1.1,0.57961,-0.38342,0.41371,0.998,0.065,-0.013,-0.018
1.15,0.58519,-0.39165,0.40147,0.998,0.065,-0.013,-0.018
1.2,0.59019,-0.39895,0.38961,0.998,0.065,-0.013,-0.018
1.25,0.59474,-0.40541,0.37831,0.998,0.065,-0.013,-0.018
1.3,0.59896,-0.41111,0.36768,0.998,0.065,-0.013,-0.018
1.35,0.6029,-0.41613,0.35778,0.998,0.065,-0.013,-0.018
1.4,0.60661,-0.4205,0.34862,0.998,0.065,-0.013,-0.018
1.45,0.6101,-0.42426,0.34022,0.998,0.065,-0.013,-0.018
1.5,0.6134,-0.42744,0.33259,0.998,0.065,-0.013,-0.018
1.55,0.6165,-0.43002,0.32573,0.998,0.065,-0.013,-0.018
1.6,0.61941,-0.43204,0.31963,0.998,0.065,-0.013,-0.018
1.65,0.62148,-0.43297,0.31614,0.998,0.065,-0.013,-0.018
1.7,0.62336,-0.43333,0.31344,0.998,0.065,-0.013,-0.018
1.75,0.62508,-0.4331,0.31152,0.998,0.065,-0.013,-0.018
1.8,0.62664,-0.43228,0.31044,0.998,0.065,-0.013,-0.018
1.85,0.6281,-0.43082,0.31022,0.998,0.065,-0.013,-0.018
1.9,0.62951,-0.42868,0.31096,0.998,0.065,-0.013,-0.018
1.95,0.63102,-0.42578,0.31275,0.998,0.065,-0.013,-0.018
2,0.63285,-0.42202,0.31567,0.998,0.065,-0.013,-0.018
2.05,0.63531,-0.41732,0.31969,0.998,0.065,-0.013,-0.018
2.1,0.63871,-0.41168,0.32454,0.998,0.065,-0.013,-0.018
2.15,0.64321,-0.40523,0.32969,0.998,0.065,-0.013,-0.018
2.2,0.64873,-0.39822,0.33454,0.998,0.065,-0.013,-0.018
2.25,0.65502,-0.39092,0.3386,0.998,0.065,-0.013,-0.018
2.3,0.66181,-0.38353,0.34158,0.998,0.065,-0.013,-0.018
2.35,0.66885,-0.37618,0.34334,0.998,0.065,-0.013,-0.018
2.4,0.67598,-0.36897,0.34385,0.998,0.065,-0.013,-0.018
2.45,0.68308,-0.36191,0.3431,0.998,0.065,-0.013,-0.018
2.5,0.69009,-0.35504,0.34109,0.998,0.065,-0.013,-0.018
2.55,0.69694,-0.34838,0.3378,0.998,0.065,-0.013,-0.018
2.6,0.70358,-0.34194,0.33324,0.998,0.065,-0.013,-0.018
2.65,0.70996,-0.33576,0.32735,0.998,0.065,-0.013,-0.018
2.7,0.71597,-0.32989,0.32011,0.998,0.065,-0.013,-0.018
2.75,0.72148,-0.32441,0.31152,0.998,0.065,-0.013,-0.018
2.8,0.72631,-0.31947,0.30169,0.998,0.065,-0.013,-0.018
2.85,0.7303,-0.31522,0.29092,0.998,0.065,-0.013,-0.018
2.9,0.73338,-0.31176,0.27985,0.998,0.065,-0.013,-0.018
2.95,0.7357,-0.30907,0.26923,0.998,0.065,-0.013,-0.018
3,0.73752,-0.30703,0.2597,0.998,0.065,-0.013,-0.018
3.05,0.73915,-0.30548,0.25157,0.998,0.065,-0.013,-0.018
3.1,0.74076,-0.30427,0.24494,0.998,0.065,-0.013,-0.018
3.15,0.74247,-0.30333,0.23976,0.998,0.065,-0.013,-0.018
3.2,0.74433,-0.30261,0.23597,0.998,0.065,-0.013,-0.018
3.25,0.74637,-0.30209,0.23353,0.998,0.065,-0.013,-0.018
3.3,0.74894,-0.30398,0.23276,0.998,0.065,-0.013,-0.018
3.35,0.75171,-0.30604,0.23328,0.998,0.065,-0.013,-0.018
3.4,0.7547,-0.30825,0.2351,0.998,0.065,-0.013,-0.018
3.45,0.75793,-0.31061,0.2382,0.998,0.065,-0.013,-0.018
3.5,0.76141,-0.31308,0.24258,0.998,0.065,-0.013,-0.018
3.55,0.76517,-0.31564,0.2482,0.998,0.065,-0.013,-0.018
3.6,0.76925,-0.31824,0.255,0.998,0.065,-0.013,-0.018
3.65,0.7737,-0.32082,0.26284,0.998,0.065,-0.013,-0.018
3.7,0.77857,-0.32335,0.27145,0.998,0.065,-0.013,-0.018
3.75,0.78391,-0.32582,0.28048,0.998,0.065,-0.013,-0.018
3.8,0.78973,-0.32829,0.28946,0.998,0.065,-0.013,-0.018
3.85,0.796,-0.33086,0.29794,0.998,0.065,-0.013,-0.018
3.9,0.8026,-0.33357,0.30566,0.998,0.065,-0.013,-0.018
3.95,0.80938,-0.33639,0.3125,0.998,0.065,-0.013,-0.018
4,0.81618,-0.33927,0.31849,0.998,0.065,-0.013,-0.018
4.05,0.82291,-0.34213,0.32372,0.998,0.065,-0.013,-0.018
4.1,0.82949,-0.34493,0.3283,0.998,0.065,-0.013,-0.018
4.15,0.83589,-0.34762,0.3323,0.998,0.065,-0.013,-0.018
4.2,0.84208,-0.35021,0.33578,0.998,0.065,-0.013,-0.018
4.25,0.84805,-0.35267,0.33878,0.998,0.065,-0.013,-0.018
4.3,0.8538,-0.35499,0.34132,0.998,0.065,-0.013,-0.018
4.35,0.85932,-0.35719,0.34342,0.998,0.065,-0.013,-0.018
4.4,0.86462,-0.35925,0.34507,0.998,0.065,-0.013,-0.018
4.45,0.8697,-0.36118,0.34629,0.998,0.065,-0.013,-0.018
4.5,0.87455,-0.36298,0.34708,0.998,0.065,-0.013,-0.018
4.55,0.87917,-0.36464,0.34744,0.998,0.065,-0.013,-0.018
4.6,0.88357,-0.36617,0.34737,0.998,0.065,-0.013,-0.018
4.65,0.88774,-0.36757,0.34687,0.998,0.065,-0.013,-0.018
4.7,0.89169,-0.36883,0.34594,0.998,0.065,-0.013,-0.018
4.75,0.89541,-0.36996,0.34458,0.998,0.065,-0.013,-0.018
4.8,0.8989,-0.37096,0.3428,0.998,0.065,-0.013,-0.018
4.85,0.90217,-0.37182,0.34058,0.998,0.065,-0.013,-0.018
4.9,0.90521,-0.37254,0.33793,0.998,0.065,-0.013,-0.018
4.95,0.90803,-0.37314,0.33486,0.998,0.065,-0.013,-0.018
5,0.91062,-0.3736,0.33135,0.998,0.065,-0.013,-0.018
