0.05,0.5059,-0.10007,0.41557,0.998,0.065,-0.013,-0.018
0.1,0.50906,-0.10994,0.42031,0.998,0.065,-0.013,-0.018
0.15,0.5124,-0.12018,0.42452,0.998,0.065,-0.013,-0.018
0.2,0.51591,-0.1308,0.4282,0.998,0.065,-0.013,-0.018
0.25,0.51959,-0.14178,0.43135,0.998,0.065,-0.013,-0.018
0.3,0.52346,-0.15314,0.43396,0.998,0.065,-0.013,-0.018
0.35,0.5275,-0.16487,0.43603,0.998,0.065,-0.013,-0.018
0.4,0.53172,-0.17697,0.43755,0.998,0.065,-0.013,-0.018
0.45,0.53613,-0.18944,0.43851,0.998,0.065,-0.013,-0.018
0.5,0.54072,-0.20227,0.4389,0.998,0.065,-0.013,-0.018
0.55,0.5455,-0.21546,0.43869,0.998,0.065,-0.013,-0.018
0.6,0.55047,-0.22899,0.43784,0.998,0.065,-0.013,-0.018
0.65,0.55566,-0.24284,0.43631,0.998,0.065,-0.013,-0.018
0.7,0.56106,-0.25696,0.434,0.998,0.065,-0.013,-0.018
0.75,0.5667,-0.27127,0.43081,0.998,0.065,-0.013,-0.018
0.8,0.57259,-0.28565,0.42658,0.998,0.065,-0.013,-0.018
0.85,0.57871,-0.2999,0.42115,0.998,0.065,-0.013,-0.018
0.9,0.585,-0.31375,0.41436,0.998,0.065,-0.013,-0.018
0.95,0.5913,-0.32691,0.40621,0.998,0.065,-0.013,-0.018
1,0.59734,-0.33916,0.39694,0.998,0.065,-0.013,-0.018
1.05,0.6028,-0.35039,0.38705,0.998,0.065,-0.013,-0.018
1.1,0.60749,-0.36062,0.3771,0.998,0.065,-0.013,-0.018
1.15,0.61137,-0.36993,0.36755,0.998,0.065,-0.013,-0.018
1.2,0.61455,-0.3784,0.35868,0.998,0.065,-0.013,-0.018
1.25,0.61717,-0.38612,0.35059,0.998,0.065,-0.013,-0.018
1.3,0.61937,-0.39314,0.34333,0.998,0.065,-0.013,-0.018
1.35,0.62125,-0.39951,0.33689,0.998,0.065,-0.013,-0.018
1.4,0.62285,-0.40526,0.33126,0.998,0.065,-0.013,-0.018
1.45,0.62423,-0.41041,0.32641,0.998,0.065,-0.013,-0.018
1.5,0.6254,-0.41497,0.32235,0.998,0.065,-0.013,-0.018
1.55,0.62636,-0.41896,0.31906,0.998,0.065,-0.013,-0.018
1.6,0.62714,-0.42237,0.31654,0.998,0.065,-0.013,-0.018
1.65,0.62898,-0.42369,0.31314,0.998,0.065,-0.013,-0.018
1.7,0.63065,-0.42444,0.31051,0.998,0.065,-0.013,-0.018
1.75,0.63214,-0.42461,0.30868,0.998,0.065,-0.013,-0.018
1.8,0.63349,-0.42417,0.30767,0.998,0.065,-0.013,-0.018
1.85,0.63473,-0.42309,0.30753,0.998,0.065,-0.013,-0.018
1.9,0.63593,-0.42131,0.30834,0.998,0.065,-0.013,-0.018
1.95,0.63725,-0.41875,0.3102,0.998,0.065,-0.013,-0.018
2,0.63892,-0.4153,0.31318,0.998,0.065,-0.013,-0.018
2.05,0.64123,-0.41084,0.31725,0.998,0.065,-0.013,-0.018
2.1,0.64451,-0.40541,0.32214,0.998,0.065,-0.013,-0.018
2.15,0.64888,-0.39915,0.32734,0.998,0.065,-0.013,-0.018
2.2,0.65426,-0.39236,0.33224,0.998,0.065,-0.013,-0.018
2.25,0.66038,-0.38531,0.33636,0.998,0.065,-0.013,-0.018
2.3,0.66697,-0.37822,0.3394,0.998,0.065,-0.013,-0.018
2.35,0.67379,-0.3712,0.34124,0.998,0.065,-0.013,-0.018
2.4,0.68069,-0.36433,0.34183,0.998,0.065,-0.013,-0.018
2.45,0.68755,-0.35763,0.34116,0.998,0.065,-0.013,-0.018
2.5,0.6943,-0.35112,0.33923,0.998,0.065,-0.013,-0.018
2.55,0.70091,-0.34483,0.33603,0.998,0.065,-0.013,-0.018
2.6,0.70731,-0.33875,0.33154,0.998,0.065,-0.013,-0.018
2.65,0.71344,-0.33292,0.32573,0.998,0.065,-0.013,-0.018
2.7,0.71923,-0.32738,0.31857,0.998,0.065,-0.013,-0.018
2.75,0.72454,-0.32221,0.31005,0.998,0.065,-0.013,-0.018
2.8,0.7292,-0.31752,0.30027,0.998,0.065,-0.013,-0.018
2.85,0.73305,-0.31348,0.28956,0.998,0.065,-0.013,-0.018
2.9,0.73601,-0.3102,0.27853,0.998,0.065,-0.013,-0.018
2.95,0.7382,-0.30771,0.26796,0.998,0.065,-0.013,-0.018
3,0.73989,-0.30591,0.25848,0.998,0.065,-0.013,-0.018
3.05,0.74134,-0.30463,0.25043,0.998,0.065,-0.013,-0.018
3.1,0.74276,-0.30373,0.24388,0.998,0.065,-0.013,-0.018
3.15,0.74426,-0.30311,0.23878,0.998,0.065,-0.013,-0.018
3.2,0.74592,-0.30273,0.23507,0.998,0.065,-0.013,-0.018
3.25,0.74775,-0.30255,0.23271,0.998,0.065,-0.013,-0.018
3.3,0.75036,-0.30445,0.23197,0.998,0.065,-0.013,-0.018
3.35,0.75318,-0.30653,0.23252,0.998,0.065,-0.013,-0.018
3.4,0.75622,-0.30876,0.23437,0.998,0.065,-0.013,-0.018
3.45,0.75948,-0.31113,0.23749,0.998,0.065,-0.013,-0.018
3.5,0.763,-0.31362,0.24189,0.998,0.065,-0.013,-0.018
3.55,0.7668,-0.31619,0.24754,0.998,0.065,-0.013,-0.018
3.6,0.77092,-0.3188,0.25436,0.998,0.065,-0.013,-0.018
3.65,0.7754,-0.3214,0.26221,0.998,0.065,-0.013,-0.018
3.7,0.78029,-0.32393,0.27085,0.998,0.065,-0.013,-0.018
3.75,0.78566,-0.32641,0.27989,0.998,0.065,-0.013,-0.018
3.8,0.79151,-0.3289,0.28888,0.998,0.065,-0.013,-0.018
3.85,0.79781,-0.33148,0.29738,0.998,0.065,-0.013,-0.018
3.9,0.80444,-0.3342,0.30512,0.998,0.065,-0.013,-0.018
3.95,0.81126,-0.33704,0.31198,0.998,0.065,-0.013,-0.018
4,0.81812,-0.33994,0.31799,0.998,0.065,-0.013,-0.018
4.05,0.8249,-0.34282,0.32325,0.998,0.065,-0.013,-0.018
4.1,0.83153,-0.34564,0.32786,0.998,0.065,-0.013,-0.018
4.15,0.83799,-0.34837,0.33189,0.998,0.065,-0.013,-0.018
4.2,0.84423,-0.35097,0.3354,0.998,0.065,-0.013,-0.018
4.25,0.85026,-0.35346,0.33842,0.998,0.065,-0.013,-0.018
4.3,0.85607,-0.35581,0.34099,0.998,0.065,-0.013,-0.018
4.35,0.86165,-0.35803,0.34311,0.998,0.065,-0.013,-0.018
4.4,0.86701,-0.36012,0.3448,0.998,0.065,-0.013,-0.018
4.45,0.87214,-0.36207,0.34605,0.998,0.065,-0.013,-0.018
4.5,0.87704,-0.3639,0.34686,0.998,0.065,-0.013,-0.018
4.55,0.88172,-0.36558,0.34725,0.998,0.065,-0.013,-0.018
4.6,0.88618,-0.36714,0.34721,0.998,0.065,-0.013,-0.018
4.65,0.89041,-0.36856,0.34674,0.998,0.065,-0.013,-0.018
4.7,0.89441,-0.36984,0.34584,0.998,0.065,-0.013,-0.018
4.75,0.89819,-0.371,0.34451,0.998,0.065,-0.013,-0.018
4.8,0.90174,-0.37202,0.34275,0.998,0.065,-0.013,-0.018
4.85,0.90507,-0.3729,0.34056,0.998,0.065,-0.013,-0.018
4.9,0.90817,-0.37366,0.33794,0.998,0.065,-0.013,-0.018
4.95,0.91104,-0.37427,0.33489,0.998,0.065,-0.013,-0.018
5,0.91369,-0.37476,0.33142,0.998,0.065,-0.013,-0.018
