0.05,0.5098,-0.10153,0.41795,0.998,0.065,-0.013,-0.018
0.1,0.51281,-0.1112,0.42251,0.998,0.065,-0.013,-0.018
0.15,0.516,-0.12124,0.42653,0.998,0.065,-0.013,-0.018
0.2,0.51937,-0.13165,0.43003,0.998,0.065,-0.013,-0.018
0.25,0.52292,-0.14243,0.43299,0.998,0.065,-0.013,-0.018
0.3,0.52664,-0.15359,0.43541,0.998,0.065,-0.013,-0.018
0.35,0.53054,-0.16512,0.43729,0.998,0.065,-0.013,-0.018
0.4,0.53462,-0.17702,0.43862,0.998,0.065,-0.013,-0.018
0.45,0.53889,-0.18929,0.4394,0.998,0.065,-0.013,-0.018
0.5,0.54334,-0.20192,0.4396,0.998,0.065,-0.013,-0.018
0.55,0.54798,-0.21491,0.4392,0.998,0.065,-0.013,-0.018
0.6,0.55281,-0.22825,0.43818,0.998,0.065,-0.013,-0.018
0.65,0.55786,-0.2419,0.43646,0.998,0.065,-0.013,-0.018
0.7,0.56314,-0.25584,0.43398,0.998,0.065,-0.013,-0.018
0.75,0.56865,-0.26997,0.43063,0.998,0.065,-0.013,-0.018
0.8,0.57442,-0.28418,0.42624,0.998,0.065,-0.013,-0.018
0.85,0.58043,-0.29828,0.42067,0.998,0.065,-0.013,-0.018
0.9,0.58663,-0.312,0.41376,0.998,0.065,-0.013,-0.018
0.95,0.59285,-0.32507,0.4055,0.998,0.065,-0.013,-0.018
1,0.59881,-0.33723,0.39614,0.998,0.065,-0.013,-0.018
1.05,0.60418,-0.34837,0.38615,0.998,0.065,-0.013,-0.018
1.1,0.60876,-0.3585,0.37608,0.998,0.065,-0.013,-0.018
1.15,0.61251,-0.3677,0.36639,0.998,0.065,-0.013,-0.018
1.2,0.61554,-0.37605,0.35736,0.998,0.065,-0.013,-0.018
1.25,0.618,-0.38363,0.34911,0.998,0.065,-0.013,-0.018
1.3,0.62004,-0.39051,0.34167,0.998,0.065,-0.013,-0.018
1.35,0.62174,-0.39674,0.33504,0.998,0.065,-0.013,-0.018
1.4,0.62317,-0.40234,0.32921,0.998,0.065,-0.013,-0.018
1.45,0.62437,-0.40734,0.32418,0.998,0.065,-0.013,-0.018
1.5,0.62535,-0.41176,0.31993,0.998,0.065,-0.013,-0.018
1.55,0.62614,-0.41559,0.31644,0.998,0.065,-0.013,-0.018
1.6,0.62674,-0.41886,0.31373,0.998,0.065,-0.013,-0.018
1.65,0.62862,-0.42042,0.31054,0.998,0.065,-0.013,-0.018
1.7,0.63032,-0.42141,0.30813,0.998,0.065,-0.013,-0.018
1.75,0.63185,-0.42181,0.30651,0.998,0.065,-0.013,-0.018
1.8,0.63323,-0.42161,0.30572,0.998,0.065,-0.013,-0.018
1.85,0.63451,-0.42076,0.30579,0.998,0.065,-0.013,-0.018
1.9,0.63575,-0.41921,0.3068,0.998,0.065,-0.013,-0.018
1.95,0.6371,-0.41686,0.30885,0.998,0.065,-0.013,-0.018
2,0.63879,-0.41358,0.312,0.998,0.065,-0.013,-0.018
2.05,0.64112,-0.40928,0.3162,0.998,0.065,-0.013,-0.018
2.1,0.64441,-0.40396,0.32121,0.998,0.065,-0.013,-0.018
2.15,0.64879,-0.39782,0.32651,0.998,0.065,-0.013,-0.018
2.2,0.65416,-0.39115,0.33152,0.998,0.065,-0.013,-0.018
2.25,0.66028,-0.38425,0.33577,0.998,0.065,-0.013,-0.018
2.3,0.66686,-0.37732,0.33897,0.998,0.065,-0.013,-0.018
2.35,0.67367,-0.37048,0.34099,0.998,0.065,-0.013,-0.018
2.4,0.68055,-0.3638,0.34176,0.998,0.065,-0.013,-0.018
2.45,0.6874,-0.3573,0.34128,0.998,0.065,-0.013,-0.018
2.5,0.69414,-0.35099,0.33954,0.998,0.065,-0.013,-0.018
2.55,0.70073,-0.3449,0.33653,0.998,0.065,-0.013,-0.018
2.6,0.70712,-0.33902,0.33223,0.998,0.065,-0.013,-0.018
2.65,0.71325,-0.33338,0.32661,0.998,0.065,-0.013,-0.018
2.7,0.71902,-0.32803,0.31963,0.998,0.065,-0.013,-0.018
2.75,0.72432,-0.32302,0.31127,0.998,0.065,-0.013,-0.018
2.8,0.72897,-0.31848,0.30163,0.998,0.065,-0.013,-0.018
2.85,0.73282,-0.31455,0.29103,0.998,0.065,-0.013,-0.018
2.9,0.73578,-0.31138,0.2801,0.998,0.065,-0.013,-0.018
2.95,0.73798,-0.309,0.26964,0.998,0.065,-0.013,-0.018
3,0.73968,-0.30734,0.26031,0.998,0.065,-0.013,-0.018
3.05,0.74115,-0.30623,0.25243,0.998,0.065,-0.013,-0.018
3.1,0.74258,-0.30552,0.24606,0.998,0.065,-0.013,-0.018
3.15,0.74411,-0.30511,0.24116,0.998,0.065,-0.013,-0.018
3.2,0.74579,-0.30493,0.23766,0.998,0.065,-0.013,-0.018
3.25,0.74764,-0.30495,0.23551,0.998,0.065,-0.013,-0.018
3.3,0.74876,-0.30285,0.23421,0.998,0.065,-0.013,-0.018
3.35,0.7501,-0.30095,0.23422,0.998,0.065,-0.013,-0.018
3.4,0.75168,-0.29927,0.23552,0.998,0.065,-0.013,-0.018
3.45,0.75352,-0.29781,0.23812,0.998,0.065,-0.013,-0.018
3.5,0.75567,-0.2966,0.24201,0.998,0.065,-0.013,-0.018
3.55,0.75816,-0.29567,0.24718,0.998,0.065,-0.013,-0.018
3.6,0.76107,-0.29506,0.25356,0.998,0.065,-0.013,-0.018
3.65,0.76445,-0.29476,0.26103,0.998,0.065,-0.013,-0.018
3.7,0.76836,-0.29474,0.26934,0.998,0.065,-0.013,-0.018
3.75,0.77276,-0.29488,0.27812,0.998,0.065,-0.013,-0.018
3.8,0.77757,-0.29496,0.28689,0.998,0.065,-0.013,-0.018
3.85,0.78258,-0.29472,0.29518,0.998,0.065,-0.013,-0.018
3.9,0.78761,-0.29402,0.30268,0.998,0.065,-0.013,-0.018
3.95,0.79251,-0.2928,0.30927,0.998,0.065,-0.013,-0.018
4,0.79721,-0.29115,0.31499,0.998,0.065,-0.013,-0.018
4.05,0.80167,-0.28914,0.31994,0.998,0.065,-0.013,-0.018
4.1,0.80588,-0.28685,0.32422,0.998,0.065,-0.013,-0.018
4.15,0.80985,-0.28435,0.32792,0.998,0.065,-0.013,-0.018
4.2,0.81358,-0.28166,0.33109,0.998,0.065,-0.013,-0.018
4.25,0.81708,-0.27882,0.33378,0.998,0.065,-0.013,-0.018
4.3,0.82035,-0.27583,0.336,0.998,0.065,-0.013,-0.018
4.35,0.82339,-0.27269,0.33778,0.998,0.065,-0.013,-0.018
4.4,0.82621,-0.26942,0.33912,0.998,0.065,-0.013,-0.018
4.45,0.8288,-0.26601,0.34003,0.998,0.065,-0.013,-0.018
4.5,0.83116,-0.26247,0.34051,0.998,0.065,-0.013,-0.018
4.55,0.83329,-0.2588,0.34055,0.998,0.065,-0.013,-0.018
4.6,0.8352,-0.25499,0.34017,0.998,0.065,-0.013,-0.018
4.65,0.83688,-0.25104,0.33935,0.998,0.065,-0.013,-0.018
4.7,0.83834,-0.24697,0.33811,0.998,0.065,-0.013,-0.018
4.75,0.83957,-0.24276,0.33644,0.998,0.065,-0.013,-0.018
4.8,0.84058,-0.23841,0.33434,0.998,0.065,-0.013,-0.018
4.85,0.84136,-0.23393,0.3318,0.998,0.065,-0.013,-0.018
4.9,0.84191,-0.22932,0.32884,0.998,0.065,-0.013,-0.018
4.95,0.84224,-0.22458,0.32545,0.998,0.065,-0.013,-0.018
5,0.84234,-0.2197,0.32164,0.998,0.065,-0.013,-0.018
