0.05,0.50258,-0.09296,0.32583,0.949,-0.314,-0.027,-0.013
0.1,0.51389,-0.096424,0.32767,0.949,-0.314,-0.027,-0.013
0.15,0.52511,-0.099832,0.32949,0.949,-0.314,-0.027,-0.013
0.2,0.53612,-0.10312,0.33128,0.949,-0.314,-0.027,-0.013
0.25,0.54684,-0.10622,0.33301,0.949,-0.314,-0.027,-0.013
0.3,0.55718,-0.10907,0.33462,0.949,-0.314,-0.027,-0.013
0.35,0.56708,-0.11162,0.33603,0.949,-0.314,-0.027,-0.013
0.4,0.57651,-0.1138,0.33713,0.949,-0.314,-0.027,-0.013
0.45,0.58545,-0.11547,0.33781,0.949,-0.314,-0.027,-0.013
0.5,0.59388,-0.11637,0.33792,0.949,-0.314,-0.027,-0.013
0.55,0.60179,-0.11615,0.33733,0.949,-0.314,-0.027,-0.013
0.6,0.60925,-0.11472,0.33592,0.949,-0.314,-0.027,-0.013
0.65,0.61647,-0.11262,0.33367,0.949,-0.314,-0.027,-0.013
0.7,0.62376,-0.1108,0.33067,0.949,-0.314,-0.027,-0.013
0.75,0.63128,-0.10984,0.32696,0.949,-0.314,-0.027,-0.013
0.8,0.63902,-0.10972,0.32257,0.949,-0.314,-0.027,-0.013
0.85,0.64686,-0.11012,0.31749,0.949,-0.314,-0.027,-0.013
0.9,0.65472,-0.11079,0.31169,0.949,-0.314,-0.027,-0.013
0.95,0.66252,-0.11159,0.30516,0.949,-0.314,-0.027,-0.013
1,0.6702,-0.11247,0.29788,0.949,-0.314,-0.027,-0.013
1.05,0.67768,-0.11337,0.28983,0.949,-0.314,-0.027,-0.013
1.1,0.68492,-0.11425,0.28102,0.949,-0.314,-0.027,-0.013
1.15,0.69184,-0.11508,0.27153,0.949,-0.314,-0.027,-0.013
1.2,0.69839,-0.11581,0.26142,0.949,-0.314,-0.027,-0.013
1.25,0.70457,-0.11645,0.25086,0.949,-0.314,-0.027,-0.013
1.3,0.71036,-0.11699,0.23999,0.949,-0.314,-0.027,-0.013
1.35,0.7158,-0.11744,0.229,0.949,-0.314,-0.027,-0.013
1.4,0.7209,-0.11783,0.21803,0.949,-0.314,-0.027,-0.013
1.45,0.72567,-0.11816,0.20722,0.949,-0.314,-0.027,-0.013
1.5,0.73008,-0.11843,0.1967,0.949,-0.314,-0.027,-0.013
1.55,0.73411,-0.11865,0.18658,0.949,-0.314,-0.027,-0.013
1.6,0.73771,-0.11881,0.17696,0.949,-0.314,-0.027,-0.013
1.65,0.74084,-0.11891,0.16792,0.949,-0.314,-0.027,-0.013
1.7,0.74346,-0.11896,0.15954,0.949,-0.314,-0.027,-0.013
1.75,0.74555,-0.11895,0.15184,0.949,-0.314,-0.027,-0.013
1.8,0.74712,-0.11888,0.14481,0.949,-0.314,-0.027,-0.013
1.85,0.74818,-0.11877,0.1384,0.949,-0.314,-0.027,-0.013
1.9,0.7488,-0.11864,0.13251,0.949,-0.314,-0.027,-0.013
1.95,0.74905,-0.11849,0.12705,0.949,-0.314,-0.027,-0.013
2,0.74903,-0.11833,0.1219,0.949,-0.314,-0.027,-0.013
2.05,0.74883,-0.11818,0.11696,0.949,-0.314,-0.027,-0.013
2.1,0.74853,-0.11802,0.11214,0.949,-0.314,-0.027,-0.013
2.15,0.7482,-0.11786,0.10735,0.949,-0.314,-0.027,-0.013
2.2,0.7479,-0.11768,0.10253,0.949,-0.314,-0.027,-0.013
2.25,0.74764,-0.11749,0.097648,0.949,-0.314,-0.027,-0.013
2.3,0.74745,-0.11728,0.092661,0.949,-0.314,-0.027,-0.013
2.35,0.74732,-0.11703,0.087552,0.949,-0.314,-0.027,-0.013
2.4,0.74727,-0.11674,0.082317,0.949,-0.314,-0.027,-0.013
2.45,0.74729,-0.11639,0.076972,0.949,-0.314,-0.027,-0.013
2.5,0.74736,-0.11599,0.071561,0.949,-0.314,-0.027,-0.013
2.55,0.74748,-0.11553,0.066165,0.949,-0.314,-0.027,-0.013
2.6,0.74765,-0.11501,0.060914,0.949,-0.314,-0.027,-0.013
2.65,0.74785,-0.11447,0.055995,0.949,-0.314,-0.027,-0.013
2.7,0.74809,-0.11393,0.05166,0.949,-0.314,-0.027,-0.013
2.75,0.74834,-0.11347,0.04821,0.949,-0.314,-0.027,-0.013
2.8,0.74861,-0.11317,0.045965,0.949,-0.314,-0.027,-0.013
2.85,0.74889,-0.11312,0.045199,0.949,-0.314,-0.027,-0.013
2.9,0.74918,-0.1134,0.046058,0.949,-0.314,-0.027,-0.013
2.95,0.74947,-0.11405,0.048511,0.949,-0.314,-0.027,-0.013
3,0.74978,-0.11506,0.052385,0.949,-0.314,-0.027,-0.013
3.05,0.7501,-0.1164,0.05744,0.949,-0.314,-0.027,-0.013
3.1,0.75042,-0.11801,0.06342,0.949,-0.314,-0.027,-0.013
3.15,0.75075,-0.11984,0.070094,0.949,-0.314,-0.027,-0.013
3.2,0.75109,-0.12184,0.077265,0.949,-0.314,-0.027,-0.013
3.25,0.75142,-0.12396,0.084773,0.949,-0.314,-0.027,-0.013
3.3,0.75175,-0.12619,0.092491,0.949,-0.314,-0.027,-0.013
3.35,0.75208,-0.12851,0.10031,0.949,-0.314,-0.027,-0.013
3.4,0.7524,-0.13092,0.10813,0.949,-0.314,-0.027,-0.013
3.45,0.75271,-0.13344,0.11585,0.949,-0.314,-0.027,-0.013
3.5,0.75301,-0.13607,0.12335,0.949,-0.314,-0.027,-0.013
3.55,0.75329,-0.13881,0.1305,0.949,-0.314,-0.027,-0.013
3.6,0.75356,-0.14169,0.13715,0.949,-0.314,-0.027,-0.013
3.65,0.75382,-0.14467,0.14314,0.949,-0.314,-0.027,-0.013
3.7,0.75407,-0.14773,0.14827,0.949,-0.314,-0.027,-0.013
3.75,0.75432,-0.15082,0.15235,0.949,-0.314,-0.027,-0.013
3.8,0.75457,-0.1539,0.1552,0.949,-0.314,-0.027,-0.013
3.85,0.75483,-0.15689,0.15669,0.949,-0.314,-0.027,-0.013
3.9,0.7551,-0.15974,0.15674,0.949,-0.314,-0.027,-0.013
3.95,0.75539,-0.16241,0.15541,0.949,-0.314,-0.027,-0.013
4,0.75571,-0.16488,0.15284,0.949,-0.314,-0.027,-0.013
4.05,0.75605,-0.16711,0.14922,0.949,-0.314,-0.027,-0.013
4.1,0.75639,-0.16908,0.14479,0.949,-0.314,-0.027,-0.013
4.15,0.75672,-0.17079,0.13977,0.949,-0.314,-0.027,-0.013
4.2,0.75705,-0.17225,0.13437,0.949,-0.314,-0.027,-0.013
4.25,0.75735,-0.17349,0.12877,0.949,-0.314,-0.027,-0.013
4.3,0.75763,-0.17453,0.1231,0.949,-0.314,-0.027,-0.013
4.35,0.75789,-0.17542,0.11745,0.949,-0.314,-0.027,-0.013
4.4,0.75813,-0.1762,0.11188,0.949,-0.314,-0.027,-0.013
4.45,0.75835,-0.17691,0.10641,0.949,-0.314,-0.027,-0.013
4.5,0.75854,-0.17756,0.10104,0.949,-0.314,-0.027,-0.013
4.55,0.75871,-0.17819,0.095752,0.949,-0.314,-0.027,-0.013
4.6,0.75884,-0.17881,0.090511,0.949,-0.314,-0.027,-0.013
4.65,0.75892,-0.17943,0.085289,0.949,-0.314,-0.027,-0.013
4.7,0.75895,-0.18004,0.080054,0.949,-0.314,-0.027,-0.013
4.75,0.7589,-0.18065,0.074777,0.949,-0.314,-0.027,-0.013
4.8,0.75876,-0.18125,0.069437,0.949,-0.314,-0.027,-0.013
4.85,0.75853,-0.18184,0.064029,0.949,-0.314,-0.027,-0.013
4.9,0.75821,-0.18241,0.058566,0.949,-0.314,-0.027,-0.013
4.95,0.75782,-0.18295,0.053097,0.949,-0.314,-0.027,-0.013
5,0.75738,-0.18346,0.047711,0.949,-0.314,-0.027,-0.013
