0.05,0.74226,-0.43632,0.4333,0.949,-0.314,-0.027,-0.013
0.1,0.73716,-0.42095,0.42949,0.949,-0.314,-0.027,-0.013
0.15,0.73218,-0.40568,0.42569,0.949,-0.314,-0.027,-0.013
0.2,0.72747,-0.39062,0.42194,0.949,-0.314,-0.027,-0.013
0.25,0.72315,-0.37587,0.41827,0.949,-0.314,-0.027,-0.013
0.3,0.71935,-0.36153,0.41468,0.949,-0.314,-0.027,-0.013
0.35,0.71616,-0.34765,0.41117,0.949,-0.314,-0.027,-0.013
0.4,0.71365,-0.33423,0.40768,0.949,-0.314,-0.027,-0.013
0.45,0.71178,-0.32113,0.4041,0.949,-0.314,-0.027,-0.013
0.5,0.7104,-0.30792,0.40022,0.949,-0.314,-0.027,-0.013
0.55,0.70919,-0.29401,0.39576,0.949,-0.314,-0.027,-0.013
0.6,0.70799,-0.27914,0.3905,0.949,-0.314,-0.027,-0.013
0.65,0.70687,-0.26377,0.38436,0.949,-0.314,-0.027,-0.013
0.7,0.70611,-0.24883,0.37739,0.949,-0.314,-0.027,-0.013
0.75,0.70587,-0.23495,0.36967,0.949,-0.314,-0.027,-0.013
0.8,0.70613,-0.22218,0.36123,0.949,-0.314,-0.027,-0.013
0.85,0.70679,-0.21026,0.3521,0.949,-0.314,-0.027,-0.013
0.9,0.70779,-0.19905,0.3423,0.949,-0.314,-0.027,-0.013
0.95,0.70911,-0.18852,0.33187,0.949,-0.314,-0.027,-0.013
1,0.71076,-0.17874,0.32088,0.949,-0.314,-0.027,-0.013
1.05,0.71274,-0.16981,0.30937,0.949,-0.314,-0.027,-0.013
1.1,0.71504,-0.16179,0.29745,0.949,-0.314,-0.027,-0.013
1.15,0.71762,-0.15473,0.2852,0.949,-0.314,-0.027,-0.013
1.2,0.72043,-0.14863,0.27273,0.949,-0.314,-0.027,-0.013
1.25,0.72337,-0.14345,0.26015,0.949,-0.314,-0.027,-0.013
1.3,0.72636,-0.13909,0.24757,0.949,-0.314,-0.027,-0.013
1.35,0.72932,-0.13545,0.23512,0.949,-0.314,-0.027,-0.013
1.4,0.73222,-0.1324,0.22291,0.949,-0.314,-0.027,-0.013
1.45,0.73501,-0.12982,0.21106,0.949,-0.314,-0.027,-0.013
1.5,0.73765,-0.12763,0.19966,0.949,-0.314,-0.027,-0.013
1.55,0.74012,-0.12577,0.18881,0.949,-0.314,-0.027,-0.013
1.6,0.74236,-0.12419,0.17859,0.949,-0.314,-0.027,-0.013
1.65,0.74432,-0.12285,0.16907,0.949,-0.314,-0.027,-0.013
1.7,0.74597,-0.12171,0.1603,0.949,-0.314,-0.027,-0.013
1.75,0.74727,-0.12076,0.1523,0.949,-0.314,-0.027,-0.013
1.8,0.7482,-0.11997,0.14505,0.949,-0.314,-0.027,-0.013
1.85,0.7488,-0.11934,0.13849,0.949,-0.314,-0.027,-0.013
1.9,0.74907,-0.11884,0.1325,0.949,-0.314,-0.027,-0.013
1.95,0.7491,-0.11846,0.12699,0.949,-0.314,-0.027,-0.013
2,0.74894,-0.11818,0.12182,0.949,-0.314,-0.027,-0.013
2.05,0.74866,-0.11797,0.11687,0.949,-0.314,-0.027,-0.013
2.1,0.74833,-0.1178,0.11205,0.949,-0.314,-0.027,-0.013
2.15,0.74801,-0.11766,0.10728,0.949,-0.314,-0.027,-0.013
2.2,0.74772,-0.11751,0.10248,0.949,-0.314,-0.027,-0.013
2.25,0.74748,-0.11736,0.097609,0.949,-0.314,-0.027,-0.013
2.3,0.74732,-0.11718,0.092634,0.949,-0.314,-0.027,-0.013
2.35,0.74723,-0.11696,0.087534,0.949,-0.314,-0.027,-0.013
2.4,0.7472,-0.11669,0.082306,0.949,-0.314,-0.027,-0.013
2.45,0.74723,-0.11636,0.076967,0.949,-0.314,-0.027,-0.013
2.5,0.74732,-0.11597,0.071559,0.949,-0.314,-0.027,-0.013
2.55,0.74746,-0.11551,0.066164,0.949,-0.314,-0.027,-0.013
2.6,0.74763,-0.115,0.060914,0.949,-0.314,-0.027,-0.013
2.65,0.74784,-0.11446,0.055996,0.949,-0.314,-0.027,-0.013
2.7,0.74808,-0.11393,0.051662,0.949,-0.314,-0.027,-0.013
2.75,0.74834,-0.11348,0.048211,0.949,-0.314,-0.027,-0.013
2.8,0.74862,-0.11317,0.045966,0.949,-0.314,-0.027,-0.013
2.85,0.74889,-0.11312,0.0452,0.949,-0.314,-0.027,-0.013
2.9,0.74918,-0.1134,0.046058,0.949,-0.314,-0.027,-0.013
2.95,0.74948,-0.11405,0.048511,0.949,-0.314,-0.027,-0.013
3,0.74978,-0.11506,0.052385,0.949,-0.314,-0.027,-0.013
3.05,0.7501,-0.1164,0.057439,0.949,-0.314,-0.027,-0.013
3.1,0.75042,-0.11801,0.06342,0.949,-0.314,-0.027,-0.013
3.15,0.75075,-0.11984,0.070093,0.949,-0.314,-0.027,-0.013
3.2,0.75109,-0.12184,0.077264,0.949,-0.314,-0.027,-0.013
3.25,0.75142,-0.12396,0.084773,0.949,-0.314,-0.027,-0.013
3.3,0.75175,-0.12619,0.092491,0.949,-0.314,-0.027,-0.013
3.35,0.75208,-0.12851,0.10031,0.949,-0.314,-0.027,-0.013
3.4,0.7524,-0.13092,0.10813,0.949,-0.314,-0.027,-0.013
3.45,0.75271,-0.13344,0.11585,0.949,-0.314,-0.027,-0.013
3.5,0.75301,-0.13607,0.12335,0.949,-0.314,-0.027,-0.013
3.55,0.75329,-0.13881,0.1305,0.949,-0.314,-0.027,-0.013
3.6,0.75356,-0.14168,0.13715,0.949,-0.314,-0.027,-0.013
3.65,0.75382,-0.14466,0.14314,0.949,-0.314,-0.027,-0.013
3.7,0.75407,-0.14772,0.14827,0.949,-0.314,-0.027,-0.013
3.75,0.75432,-0.15082,0.15235,0.949,-0.314,-0.027,-0.013
3.8,0.75457,-0.1539,0.1552,0.949,-0.314,-0.027,-0.013
3.85,0.75482,-0.15689,0.15669,0.949,-0.314,-0.027,-0.013
3.9,0.75509,-0.15974,0.15674,0.949,-0.314,-0.027,-0.013
3.95,0.75538,-0.16242,0.15541,0.949,-0.314,-0.027,-0.013
4,0.75569,-0.16489,0.15284,0.949,-0.314,-0.027,-0.013
4.05,0.75602,-0.16712,0.14923,0.949,-0.314,-0.027,-0.013
4.1,0.75636,-0.1691,0.1448,0.949,-0.314,-0.027,-0.013
4.15,0.75669,-0.17082,0.13978,0.949,-0.314,-0.027,-0.013
4.2,0.75701,-0.17229,0.13438,0.949,-0.314,-0.027,-0.013
4.25,0.75731,-0.17354,0.12877,0.949,-0.314,-0.027,-0.013
4.3,0.75759,-0.17459,0.1231,0.949,-0.314,-0.027,-0.013
4.35,0.75786,-0.17549,0.11745,0.949,-0.314,-0.027,-0.013
4.4,0.75811,-0.17627,0.11187,0.949,-0.314,-0.027,-0.013
4.45,0.75836,-0.17697,0.1064,0.949,-0.314,-0.027,-0.013
4.5,0.75861,-0.1776,0.10101,0.949,-0.314,-0.027,-0.013
4.55,0.75886,-0.17818,0.095705,0.949,-0.314,-0.027,-0.013
4.6,0.75911,-0.1787,0.09045,0.949,-0.314,-0.027,-0.013
4.65,0.75936,-0.17915,0.085219,0.949,-0.314,-0.027,-0.013
4.7,0.75961,-0.17951,0.079986,0.949,-0.314,-0.027,-0.013
4.75,0.75985,-0.17975,0.07473,0.949,-0.314,-0.027,-0.013
4.8,0.76009,-0.17983,0.069444,0.949,-0.314,-0.027,-0.013
4.85,0.76031,-0.17972,0.064132,0.949,-0.314,-0.027,-0.013
4.9,0.76051,-0.17941,0.058817,0.949,-0.314,-0.027,-0.013
4.95,0.76071,-0.1789,0.05355,0.949,-0.314,-0.027,-0.013
5,0.76091,-0.17824,0.048405,0.949,-0.314,-0.027,-0.013
