0.05,0.52739,-0.1132,0.47338,0.949,-0.314,-0.027,-0.013
0.1,0.53997,-0.11592,0.46223,0.949,-0.314,-0.027,-0.013
0.15,0.55237,-0.11858,0.45137,0.949,-0.314,-0.027,-0.013
0.2,0.56438,-0.12111,0.44105,0.949,-0.314,-0.027,-0.013
0.25,0.57586,-0.12345,0.43146,0.949,-0.314,-0.027,-0.013
0.3,0.58668,-0.12554,0.42273,0.949,-0.314,-0.027,-0.013
0.35,0.59679,-0.12734,0.41487,0.949,-0.314,-0.027,-0.013
0.4,0.60615,-0.12879,0.40782,0.949,-0.314,-0.027,-0.013
0.45,0.61476,-0.12977,0.4014,0.949,-0.314,-0.027,-0.013
0.5,0.62265,-0.13002,0.39528,0.949,-0.314,-0.027,-0.013
0.55,0.62984,-0.12915,0.38908,0.949,-0.314,-0.027,-0.013
0.6,0.63638,-0.12707,0.38251,0.949,-0.314,-0.027,-0.013
0.65,0.64251,-0.1243,0.37547,0.949,-0.314,-0.027,-0.013
0.7,0.64852,-0.12177,0.368,0.949,-0.314,-0.027,-0.013
0.75,0.65461,-0.12006,0.36018,0.949,-0.314,-0.027,-0.013
0.8,0.66076,-0.11917,0.35201,0.949,-0.314,-0.027,-0.013
0.85,0.66691,-0.11876,0.34349,0.949,-0.314,-0.027,-0.013
0.9,0.67298,-0.11859,0.33459,0.949,-0.314,-0.027,-0.013
0.95,0.67896,-0.11855,0.32528,0.949,-0.314,-0.027,-0.013
1,0.68484,-0.11859,0.31557,0.949,-0.314,-0.027,-0.013
1.05,0.69058,-0.11869,0.30543,0.949,-0.314,-0.027,-0.013
1.1,0.69617,-0.11881,0.29489,0.949,-0.314,-0.027,-0.013
1.15,0.70158,-0.11894,0.28398,0.949,-0.314,-0.027,-0.013
1.2,0.70677,-0.11906,0.27275,0.949,-0.314,-0.027,-0.013
1.25,0.71173,-0.11916,0.26129,0.949,-0.314,-0.027,-0.013
1.3,0.71646,-0.11923,0.24972,0.949,-0.314,-0.027,-0.013
1.35,0.72094,-0.11928,0.23816,0.949,-0.314,-0.027,-0.013
1.4,0.72519,-0.11931,0.22674,0.949,-0.314,-0.027,-0.013
1.45,0.72919,-0.11933,0.21556,0.949,-0.314,-0.027,-0.013
1.5,0.73291,-0.11934,0.20475,0.949,-0.314,-0.027,-0.013
1.55,0.73633,-0.11933,0.19438,0.949,-0.314,-0.027,-0.013
1.6,0.73939,-0.11931,0.18456,0.949,-0.314,-0.027,-0.013
1.65,0.74205,-0.11927,0.17536,0.949,-0.314,-0.027,-0.013
1.7,0.74428,-0.1192,0.16685,0.949,-0.314,-0.027,-0.013
1.75,0.74604,-0.1191,0.15904,0.949,-0.314,-0.027,-0.013
1.8,0.74734,-0.11898,0.15193,0.949,-0.314,-0.027,-0.013
1.85,0.7482,-0.11883,0.14546,0.949,-0.314,-0.027,-0.013
1.9,0.74867,-0.11868,0.13953,0.949,-0.314,-0.027,-0.013
1.95,0.74881,-0.11852,0.13405,0.949,-0.314,-0.027,-0.013
2,0.74872,-0.11836,0.12888,0.949,-0.314,-0.027,-0.013
2.05,0.74848,-0.11821,0.12394,0.949,-0.314,-0.027,-0.013
2.1,0.74817,-0.11806,0.11911,0.949,-0.314,-0.027,-0.013
2.15,0.74784,-0.1179,0.11432,0.949,-0.314,-0.027,-0.013
2.2,0.74753,-0.11774,0.10951,0.949,-0.314,-0.027,-0.013
2.25,0.74728,-0.11755,0.10463,0.949,-0.314,-0.027,-0.013
2.3,0.7471,-0.11734,0.099643,0.949,-0.314,-0.027,-0.013
2.35,0.74698,-0.1171,0.094537,0.949,-0.314,-0.027,-0.013
2.4,0.74694,-0.11681,0.089305,0.949,-0.314,-0.027,-0.013
2.45,0.74696,-0.11646,0.083962,0.949,-0.314,-0.027,-0.013
2.5,0.74704,-0.11606,0.078553,0.949,-0.314,-0.027,-0.013
2.55,0.74717,-0.1156,0.073157,0.949,-0.314,-0.027,-0.013
2.6,0.74734,-0.11508,0.067906,0.949,-0.314,-0.027,-0.013
2.65,0.74754,-0.11454,0.062988,0.949,-0.314,-0.027,-0.013
2.7,0.74778,-0.11401,0.058654,0.949,-0.314,-0.027,-0.013
2.75,0.74804,-0.11355,0.055204,0.949,-0.314,-0.027,-0.013
2.8,0.74831,-0.11325,0.052958,0.949,-0.314,-0.027,-0.013
2.85,0.74859,-0.1132,0.052193,0.949,-0.314,-0.027,-0.013
2.9,0.74887,-0.11347,0.053051,0.949,-0.314,-0.027,-0.013
2.95,0.74917,-0.11412,0.055504,0.949,-0.314,-0.027,-0.013
3,0.74948,-0.11513,0.059378,0.949,-0.314,-0.027,-0.013
3.05,0.74979,-0.11648,0.064432,0.949,-0.314,-0.027,-0.013
3.1,0.75012,-0.11809,0.070412,0.949,-0.314,-0.027,-0.013
3.15,0.75045,-0.11992,0.077086,0.949,-0.314,-0.027,-0.013
3.2,0.75078,-0.12191,0.084257,0.949,-0.314,-0.027,-0.013
3.25,0.75111,-0.12403,0.091766,0.949,-0.314,-0.027,-0.013
3.3,0.75145,-0.12626,0.099484,0.949,-0.314,-0.027,-0.013
3.35,0.75177,-0.12858,0.1073,0.949,-0.314,-0.027,-0.013
3.4,0.75209,-0.131,0.11512,0.949,-0.314,-0.027,-0.013
3.45,0.7524,-0.13351,0.12284,0.949,-0.314,-0.027,-0.013
3.5,0.7527,-0.13614,0.13034,0.949,-0.314,-0.027,-0.013
3.55,0.75298,-0.13889,0.13749,0.949,-0.314,-0.027,-0.013
3.6,0.75325,-0.14176,0.14414,0.949,-0.314,-0.027,-0.013
3.65,0.75351,-0.14474,0.15013,0.949,-0.314,-0.027,-0.013
3.7,0.75377,-0.1478,0.15526,0.949,-0.314,-0.027,-0.013
3.75,0.75401,-0.1509,0.15935,0.949,-0.314,-0.027,-0.013
3.8,0.75426,-0.15397,0.1622,0.949,-0.314,-0.027,-0.013
3.85,0.75451,-0.15696,0.16368,0.949,-0.314,-0.027,-0.013
3.9,0.75478,-0.15982,0.16374,0.949,-0.314,-0.027,-0.013
3.95,0.75507,-0.1625,0.16241,0.949,-0.314,-0.027,-0.013
4,0.75538,-0.16497,0.15983,0.949,-0.314,-0.027,-0.013
4.05,0.75571,-0.1672,0.15622,0.949,-0.314,-0.027,-0.013
4.1,0.75604,-0.16918,0.15179,0.949,-0.314,-0.027,-0.013
4.15,0.75637,-0.1709,0.14677,0.949,-0.314,-0.027,-0.013
4.2,0.75669,-0.17238,0.14137,0.949,-0.314,-0.027,-0.013
4.25,0.75699,-0.17362,0.13576,0.949,-0.314,-0.027,-0.013
4.3,0.75727,-0.17468,0.13009,0.949,-0.314,-0.027,-0.013
4.35,0.75754,-0.17558,0.12443,0.949,-0.314,-0.027,-0.013
4.4,0.7578,-0.17636,0.11886,0.949,-0.314,-0.027,-0.013
4.45,0.75806,-0.17705,0.11338,0.949,-0.314,-0.027,-0.013
4.5,0.75832,-0.17768,0.10799,0.949,-0.314,-0.027,-0.013
4.55,0.7586,-0.17824,0.10269,0.949,-0.314,-0.027,-0.013
4.6,0.7589,-0.17875,0.09744,0.949,-0.314,-0.027,-0.013
4.65,0.75921,-0.17917,0.092222,0.949,-0.314,-0.027,-0.013
4.7,0.75955,-0.17949,0.087012,0.949,-0.314,-0.027,-0.013
4.75,0.75991,-0.17966,0.081795,0.949,-0.314,-0.027,-0.013
4.8,0.7603,-0.17966,0.076565,0.949,-0.314,-0.027,-0.013
4.85,0.76071,-0.17944,0.071331,0.949,-0.314,-0.027,-0.013
4.9,0.76114,-0.17899,0.066121,0.949,-0.314,-0.027,-0.013
4.95,0.7616,-0.17831,0.060983,0.949,-0.314,-0.027,-0.013
5,0.76208,-0.17746,0.055984,0.949,-0.314,-0.027,-0.013
