0.05,0.49106,-0.40592,0.22724,0.949,-0.314,-0.027,-0.013
0.1,0.4992,-0.39297,0.23891,0.949,-0.314,-0.027,-0.013
0.15,0.50738,-0.38008,0.25029,0.949,-0.314,-0.027,-0.013
0.2,0.51562,-0.36734,0.26118,0.949,-0.314,-0.027,-0.013
0.25,0.52395,-0.35478,0.27135,0.949,-0.314,-0.027,-0.013
0.3,0.53235,-0.34246,0.28065,0.949,-0.314,-0.027,-0.013
0.35,0.54083,-0.33038,0.2889,0.949,-0.314,-0.027,-0.013
0.4,0.54938,-0.31852,0.29602,0.949,-0.314,-0.027,-0.013
0.45,0.55795,-0.3067,0.30195,0.949,-0.314,-0.027,-0.013
0.5,0.56648,-0.29453,0.30668,0.949,-0.314,-0.027,-0.013
0.55,0.57488,-0.28149,0.31023,0.949,-0.314,-0.027,-0.013
0.6,0.58312,-0.26738,0.31262,0.949,-0.314,-0.027,-0.013
0.65,0.59137,-0.25273,0.31386,0.949,-0.314,-0.027,-0.013
0.7,0.59991,-0.2385,0.31402,0.949,-0.314,-0.027,-0.013
0.75,0.60888,-0.22532,0.31316,0.949,-0.314,-0.027,-0.013
0.8,0.61823,-0.21327,0.31129,0.949,-0.314,-0.027,-0.013
0.85,0.6278,-0.20211,0.3084,0.949,-0.314,-0.027,-0.013
0.9,0.63745,-0.19168,0.30449,0.949,-0.314,-0.027,-0.013
0.95,0.64705,-0.18197,0.29953,0.949,-0.314,-0.027,-0.013
1,0.6565,-0.17302,0.29354,0.949,-0.314,-0.027,-0.013
1.05,0.66571,-0.16489,0.28651,0.949,-0.314,-0.027,-0.013
1.1,0.67455,-0.15763,0.2785,0.949,-0.314,-0.027,-0.013
1.15,0.68295,-0.15126,0.26958,0.949,-0.314,-0.027,-0.013
1.2,0.69084,-0.14577,0.2599,0.949,-0.314,-0.027,-0.013
1.25,0.69817,-0.14113,0.24964,0.949,-0.314,-0.027,-0.013
1.3,0.70496,-0.13726,0.23898,0.949,-0.314,-0.027,-0.013
1.35,0.71123,-0.13406,0.22812,0.949,-0.314,-0.027,-0.013
1.4,0.71703,-0.13141,0.21725,0.949,-0.314,-0.027,-0.013
1.45,0.72239,-0.12918,0.20652,0.949,-0.314,-0.027,-0.013
1.5,0.72732,-0.1273,0.19607,0.949,-0.314,-0.027,-0.013
1.55,0.7318,-0.12568,0.18601,0.949,-0.314,-0.027,-0.013
1.6,0.73581,-0.12428,0.17646,0.949,-0.314,-0.027,-0.013
1.65,0.7393,-0.12307,0.16749,0.949,-0.314,-0.027,-0.013
1.7,0.74224,-0.12201,0.15917,0.949,-0.314,-0.027,-0.013
1.75,0.74462,-0.12109,0.15154,0.949,-0.314,-0.027,-0.013
1.8,0.74643,-0.1203,0.14457,0.949,-0.314,-0.027,-0.013
1.85,0.7477,-0.11963,0.13822,0.949,-0.314,-0.027,-0.013
1.9,0.74848,-0.11909,0.13239,0.949,-0.314,-0.027,-0.013
1.95,0.74885,-0.11866,0.12697,0.949,-0.314,-0.027,-0.013
2,0.74892,-0.11833,0.12186,0.949,-0.314,-0.027,-0.013
2.05,0.74877,-0.11808,0.11694,0.949,-0.314,-0.027,-0.013
2.1,0.74851,-0.11788,0.11213,0.949,-0.314,-0.027,-0.013
2.15,0.7482,-0.11771,0.10735,0.949,-0.314,-0.027,-0.013
2.2,0.74791,-0.11756,0.10254,0.949,-0.314,-0.027,-0.013
2.25,0.74765,-0.11739,0.097657,0.949,-0.314,-0.027,-0.013
2.3,0.74746,-0.1172,0.09267,0.949,-0.314,-0.027,-0.013
2.35,0.74733,-0.11697,0.08756,0.949,-0.314,-0.027,-0.013
2.4,0.74728,-0.1167,0.082324,0.949,-0.314,-0.027,-0.013
2.45,0.74729,-0.11637,0.076977,0.949,-0.314,-0.027,-0.013
2.5,0.74736,-0.11598,0.071565,0.949,-0.314,-0.027,-0.013
2.55,0.74748,-0.11552,0.066167,0.949,-0.314,-0.027,-0.013
2.6,0.74765,-0.11501,0.060915,0.949,-0.314,-0.027,-0.013
2.65,0.74785,-0.11447,0.055996,0.949,-0.314,-0.027,-0.013
2.7,0.74809,-0.11393,0.051661,0.949,-0.314,-0.027,-0.013
2.75,0.74834,-0.11348,0.048211,0.949,-0.314,-0.027,-0.013
2.8,0.74861,-0.11318,0.045965,0.949,-0.314,-0.027,-0.013
2.85,0.74889,-0.11312,0.045199,0.949,-0.314,-0.027,-0.013
2.9,0.74918,-0.1134,0.046058,0.949,-0.314,-0.027,-0.013
2.95,0.74947,-0.11405,0.04851,0.949,-0.314,-0.027,-0.013
3,0.74978,-0.11506,0.052385,0.949,-0.314,-0.027,-0.013
3.05,0.7501,-0.1164,0.057439,0.949,-0.314,-0.027,-0.013
3.1,0.75042,-0.11801,0.063419,0.949,-0.314,-0.027,-0.013
3.15,0.75075,-0.11984,0.070093,0.949,-0.314,-0.027,-0.013
3.2,0.75109,-0.12184,0.077264,0.949,-0.314,-0.027,-0.013
3.25,0.75142,-0.12396,0.084773,0.949,-0.314,-0.027,-0.013
3.3,0.75175,-0.12619,0.092491,0.949,-0.314,-0.027,-0.013
3.35,0.75208,-0.12851,0.10031,0.949,-0.314,-0.027,-0.013
3.4,0.7524,-0.13092,0.10813,0.949,-0.314,-0.027,-0.013
3.45,0.75271,-0.13344,0.11585,0.949,-0.314,-0.027,-0.013
3.5,0.75301,-0.13606,0.12335,0.949,-0.314,-0.027,-0.013
3.55,0.75329,-0.13881,0.1305,0.949,-0.314,-0.027,-0.013
3.6,0.75356,-0.14168,0.13715,0.949,-0.314,-0.027,-0.013
3.65,0.75382,-0.14466,0.14314,0.949,-0.314,-0.027,-0.013
3.7,0.75407,-0.14772,0.14827,0.949,-0.314,-0.027,-0.013
3.75,0.75432,-0.15082,0.15235,0.949,-0.314,-0.027,-0.013
3.8,0.75457,-0.1539,0.1552,0.949,-0.314,-0.027,-0.013
3.85,0.75482,-0.15689,0.15669,0.949,-0.314,-0.027,-0.013
3.9,0.75508,-0.15974,0.15674,0.949,-0.314,-0.027,-0.013
3.95,0.75537,-0.16242,0.15541,0.949,-0.314,-0.027,-0.013
4,0.75568,-0.16489,0.15284,0.949,-0.314,-0.027,-0.013
4.05,0.75601,-0.16713,0.14923,0.949,-0.314,-0.027,-0.013
4.1,0.75635,-0.16911,0.1448,0.949,-0.314,-0.027,-0.013
4.15,0.75667,-0.17083,0.13978,0.949,-0.314,-0.027,-0.013
4.2,0.75699,-0.1723,0.13438,0.949,-0.314,-0.027,-0.013
4.25,0.75728,-0.17355,0.12877,0.949,-0.314,-0.027,-0.013
4.3,0.75756,-0.17461,0.1231,0.949,-0.314,-0.027,-0.013
4.35,0.75783,-0.17551,0.11744,0.949,-0.314,-0.027,-0.013
4.4,0.7581,-0.17629,0.11187,0.949,-0.314,-0.027,-0.013
4.45,0.75836,-0.17698,0.10639,0.949,-0.314,-0.027,-0.013
4.5,0.75864,-0.1776,0.101,0.949,-0.314,-0.027,-0.013
4.55,0.75893,-0.17816,0.095696,0.949,-0.314,-0.027,-0.013
4.6,0.75925,-0.17865,0.090446,0.949,-0.314,-0.027,-0.013
4.65,0.7596,-0.17905,0.085227,0.949,-0.314,-0.027,-0.013
4.7,0.75998,-0.17934,0.080016,0.949,-0.314,-0.027,-0.013
4.75,0.76041,-0.17948,0.074798,0.949,-0.314,-0.027,-0.013
4.8,0.76087,-0.17942,0.069566,0.949,-0.314,-0.027,-0.013
4.85,0.76138,-0.17913,0.064332,0.949,-0.314,-0.027,-0.013
4.9,0.76193,-0.17859,0.059122,0.949,-0.314,-0.027,-0.013
4.95,0.76253,-0.1778,0.053984,0.949,-0.314,-0.027,-0.013
5,0.76316,-0.17684,0.048987,0.949,-0.314,-0.027,-0.013
