0.05,0.85571,0.15708,0.36556,0.949,-0.314,-0.027,-0.013
0.1,0.84427,0.14272,0.3697,0.949,-0.314,-0.027,-0.013
0.15,0.83304,0.12844,0.37365,0.949,-0.314,-0.027,-0.013
0.2,0.82221,0.11433,0.37728,0.949,-0.314,-0.027,-0.013
0.25,0.81195,0.10048,0.38047,0.949,-0.314,-0.027,-0.013
0.3,0.80241,0.086991,0.38309,0.949,-0.314,-0.027,-0.013
0.35,0.79369,0.073919,0.38504,0.949,-0.314,-0.027,-0.013
0.4,0.78584,0.061331,0.38621,0.949,-0.314,-0.027,-0.013
0.45,0.77879,0.049321,0.38651,0.949,-0.314,-0.027,-0.013
0.5,0.7723,0.038088,0.38584,0.949,-0.314,-0.027,-0.013
0.55,0.76605,0.027931,0.3841,0.949,-0.314,-0.027,-0.013
0.6,0.75987,0.018921,0.38121,0.949,-0.314,-0.027,-0.013
0.65,0.75387,0.010517,0.3772,0.949,-0.314,-0.027,-0.013
0.7,0.74835,0.0018412,0.37215,0.949,-0.314,-0.027,-0.013
0.75,0.7435,-0.0076335,0.36617,0.949,-0.314,-0.027,-0.013
0.8,0.73935,-0.017797,0.35931,0.949,-0.314,-0.027,-0.013
0.85,0.73585,-0.028225,0.35162,0.949,-0.314,-0.027,-0.013
0.9,0.73295,-0.038551,0.34314,0.949,-0.314,-0.027,-0.013
0.95,0.73067,-0.048544,0.33393,0.949,-0.314,-0.027,-0.013
1,0.72904,-0.058038,0.32404,0.949,-0.314,-0.027,-0.013
1.05,0.72808,-0.06689,0.3135,0.949,-0.314,-0.027,-0.013
1.1,0.72777,-0.07497,0.3024,0.949,-0.314,-0.027,-0.013
1.15,0.72809,-0.08218,0.29082,0.949,-0.314,-0.027,-0.013
1.2,0.72897,-0.088462,0.27888,0.949,-0.314,-0.027,-0.013
1.25,0.73031,-0.093812,0.26671,0.949,-0.314,-0.027,-0.013
1.3,0.73201,-0.098287,0.25446,0.949,-0.314,-0.027,-0.013
1.35,0.73397,-0.102,0.24227,0.949,-0.314,-0.027,-0.013
1.4,0.73608,-0.10508,0.23025,0.949,-0.314,-0.027,-0.013
1.45,0.73825,-0.10766,0.21854,0.949,-0.314,-0.027,-0.013
1.5,0.74038,-0.10985,0.20723,0.949,-0.314,-0.027,-0.013
1.55,0.74241,-0.11171,0.19641,0.949,-0.314,-0.027,-0.013
1.6,0.74426,-0.11329,0.18619,0.949,-0.314,-0.027,-0.013
1.65,0.74586,-0.11462,0.17664,0.949,-0.314,-0.027,-0.013
1.7,0.74718,-0.11571,0.16781,0.949,-0.314,-0.027,-0.013
1.75,0.74817,-0.11659,0.15974,0.949,-0.314,-0.027,-0.013
1.8,0.74883,-0.11726,0.15242,0.949,-0.314,-0.027,-0.013
1.85,0.74918,-0.11774,0.14577,0.949,-0.314,-0.027,-0.013
1.9,0.74926,-0.11806,0.13972,0.949,-0.314,-0.027,-0.013
1.95,0.74913,-0.11823,0.13414,0.949,-0.314,-0.027,-0.013
2,0.74885,-0.11829,0.12891,0.949,-0.314,-0.027,-0.013
2.05,0.74849,-0.11826,0.12393,0.949,-0.314,-0.027,-0.013
2.1,0.74811,-0.11817,0.11908,0.949,-0.314,-0.027,-0.013
2.15,0.74775,-0.11803,0.11428,0.949,-0.314,-0.027,-0.013
2.2,0.74744,-0.11786,0.10947,0.949,-0.314,-0.027,-0.013
2.25,0.7472,-0.11765,0.10459,0.949,-0.314,-0.027,-0.013
2.3,0.74703,-0.11742,0.099616,0.949,-0.314,-0.027,-0.013
2.35,0.74693,-0.11715,0.094516,0.949,-0.314,-0.027,-0.013
2.4,0.7469,-0.11684,0.089289,0.949,-0.314,-0.027,-0.013
2.45,0.74693,-0.11649,0.083952,0.949,-0.314,-0.027,-0.013
2.5,0.74702,-0.11607,0.078546,0.949,-0.314,-0.027,-0.013
2.55,0.74715,-0.1156,0.073153,0.949,-0.314,-0.027,-0.013
2.6,0.74733,-0.11509,0.067904,0.949,-0.314,-0.027,-0.013
2.65,0.74754,-0.11454,0.062987,0.949,-0.314,-0.027,-0.013
2.7,0.74778,-0.11401,0.058654,0.949,-0.314,-0.027,-0.013
2.75,0.74804,-0.11355,0.055204,0.949,-0.314,-0.027,-0.013
2.8,0.74831,-0.11325,0.052959,0.949,-0.314,-0.027,-0.013
2.85,0.74859,-0.1132,0.052193,0.949,-0.314,-0.027,-0.013
2.9,0.74887,-0.11347,0.053051,0.949,-0.314,-0.027,-0.013
2.95,0.74917,-0.11412,0.055504,0.949,-0.314,-0.027,-0.013
3,0.74948,-0.11513,0.059378,0.949,-0.314,-0.027,-0.013
3.05,0.74979,-0.11648,0.064433,0.949,-0.314,-0.027,-0.013
3.1,0.75012,-0.11809,0.070413,0.949,-0.314,-0.027,-0.013
3.15,0.75045,-0.11992,0.077087,0.949,-0.314,-0.027,-0.013
3.2,0.75078,-0.12191,0.084258,0.949,-0.314,-0.027,-0.013
3.25,0.75111,-0.12403,0.091766,0.949,-0.314,-0.027,-0.013
3.3,0.75145,-0.12626,0.099484,0.949,-0.314,-0.027,-0.013
3.35,0.75177,-0.12858,0.1073,0.949,-0.314,-0.027,-0.013
3.4,0.75209,-0.131,0.11512,0.949,-0.314,-0.027,-0.013
3.45,0.7524,-0.13351,0.12284,0.949,-0.314,-0.027,-0.013
3.5,0.7527,-0.13614,0.13034,0.949,-0.314,-0.027,-0.013
3.55,0.75298,-0.13889,0.13749,0.949,-0.314,-0.027,-0.013
3.6,0.75325,-0.14176,0.14414,0.949,-0.314,-0.027,-0.013
3.65,0.75351,-0.14474,0.15013,0.949,-0.314,-0.027,-0.013
3.7,0.75377,-0.1478,0.15526,0.949,-0.314,-0.027,-0.013
3.75,0.75401,-0.1509,0.15934,0.949,-0.314,-0.027,-0.013
3.8,0.75426,-0.15397,0.1622,0.949,-0.314,-0.027,-0.013
3.85,0.75451,-0.15696,0.16368,0.949,-0.314,-0.027,-0.013
3.9,0.75478,-0.15982,0.16374,0.949,-0.314,-0.027,-0.013
3.95,0.75507,-0.1625,0.16241,0.949,-0.314,-0.027,-0.013
4,0.75538,-0.16497,0.15983,0.949,-0.314,-0.027,-0.013
4.05,0.7557,-0.1672,0.15622,0.949,-0.314,-0.027,-0.013
4.1,0.75603,-0.16919,0.15179,0.949,-0.314,-0.027,-0.013
4.15,0.75636,-0.17091,0.14677,0.949,-0.314,-0.027,-0.013
4.2,0.75667,-0.17238,0.14137,0.949,-0.314,-0.027,-0.013
4.25,0.75697,-0.17363,0.13576,0.949,-0.314,-0.027,-0.013
4.3,0.75725,-0.17468,0.13009,0.949,-0.314,-0.027,-0.013
4.35,0.75752,-0.17558,0.12444,0.949,-0.314,-0.027,-0.013
4.4,0.75778,-0.17636,0.11886,0.949,-0.314,-0.027,-0.013
4.45,0.75806,-0.17705,0.11338,0.949,-0.314,-0.027,-0.013
4.5,0.75834,-0.17767,0.108,0.949,-0.314,-0.027,-0.013
4.55,0.75865,-0.17822,0.1027,0.949,-0.314,-0.027,-0.013
4.6,0.759,-0.17871,0.09745,0.949,-0.314,-0.027,-0.013
4.65,0.75939,-0.1791,0.092234,0.949,-0.314,-0.027,-0.013
4.7,0.75983,-0.17938,0.087025,0.949,-0.314,-0.027,-0.013
4.75,0.76033,-0.1795,0.081807,0.949,-0.314,-0.027,-0.013
4.8,0.7609,-0.17944,0.076573,0.949,-0.314,-0.027,-0.013
4.85,0.76154,-0.17914,0.071332,0.949,-0.314,-0.027,-0.013
4.9,0.76225,-0.17858,0.06611,0.949,-0.314,-0.027,-0.013
4.95,0.76303,-0.17779,0.060955,0.949,-0.314,-0.027,-0.013
5,0.76387,-0.17682,0.055936,0.949,-0.314,-0.027,-0.013
