0.05,0.53675,0.14981,0.29924,0.949,-0.314,-0.027,-0.013
0.1,0.54643,0.1341,0.30375,0.949,-0.314,-0.027,-0.013
0.15,0.55603,0.11851,0.30817,0.949,-0.314,-0.027,-0.013
0.2,0.56545,0.10322,0.31245,0.949,-0.314,-0.027,-0.013
0.25,0.5746,0.08835,0.3165,0.949,-0.314,-0.027,-0.013
0.3,0.5834,0.074049,0.32021,0.949,-0.314,-0.027,-0.013
0.35,0.59178,0.060431,0.32348,0.949,-0.314,-0.027,-0.013
0.4,0.5997,0.047588,0.32618,0.949,-0.314,-0.027,-0.013
0.45,0.60711,0.035624,0.32819,0.949,-0.314,-0.027,-0.013
0.5,0.61399,0.024712,0.3294,0.949,-0.314,-0.027,-0.013
0.55,0.62034,0.015091,0.32974,0.949,-0.314,-0.027,-0.013
0.6,0.62623,0.0067647,0.32916,0.949,-0.314,-0.027,-0.013
0.65,0.6319,-0.00085191,0.32768,0.949,-0.314,-0.027,-0.013
0.7,0.63765,-0.0086671,0.32536,0.949,-0.314,-0.027,-0.013
0.75,0.64368,-0.017234,0.3223,0.949,-0.314,-0.027,-0.013
0.8,0.64998,-0.026471,0.31852,0.949,-0.314,-0.027,-0.013
0.85,0.65646,-0.035984,0.314,0.949,-0.314,-0.027,-0.013
0.9,0.66304,-0.04543,0.30874,0.949,-0.314,-0.027,-0.013
0.95,0.66966,-0.054594,0.30271,0.949,-0.314,-0.027,-0.013
1,0.67626,-0.063321,0.29589,0.949,-0.314,-0.027,-0.013
1.05,0.68278,-0.071468,0.28827,0.949,-0.314,-0.027,-0.013
1.1,0.68915,-0.078909,0.27984,0.949,-0.314,-0.027,-0.013
1.15,0.69532,-0.085543,0.27065,0.949,-0.314,-0.027,-0.013
1.2,0.70123,-0.091319,0.26081,0.949,-0.314,-0.027,-0.013
1.25,0.70688,-0.096241,0.25045,0.949,-0.314,-0.027,-0.013
1.3,0.71225,-0.10037,0.23975,0.949,-0.314,-0.027,-0.013
1.35,0.71737,-0.10382,0.22889,0.949,-0.314,-0.027,-0.013
1.4,0.72222,-0.1067,0.21802,0.949,-0.314,-0.027,-0.013
1.45,0.7268,-0.10913,0.2073,0.949,-0.314,-0.027,-0.013
1.5,0.73107,-0.11118,0.19684,0.949,-0.314,-0.027,-0.013
1.55,0.73496,-0.11291,0.18675,0.949,-0.314,-0.027,-0.013
1.6,0.73845,-0.11436,0.17715,0.949,-0.314,-0.027,-0.013
1.65,0.74147,-0.11556,0.16812,0.949,-0.314,-0.027,-0.013
1.7,0.74398,-0.11651,0.15972,0.949,-0.314,-0.027,-0.013
1.75,0.74598,-0.11724,0.152,0.949,-0.314,-0.027,-0.013
1.8,0.74745,-0.11776,0.14495,0.949,-0.314,-0.027,-0.013
1.85,0.74844,-0.1181,0.13851,0.949,-0.314,-0.027,-0.013
1.9,0.74898,-0.11829,0.1326,0.949,-0.314,-0.027,-0.013
1.95,0.74918,-0.11837,0.12711,0.949,-0.314,-0.027,-0.013
2,0.74912,-0.11835,0.12195,0.949,-0.314,-0.027,-0.013
2.05,0.74889,-0.11827,0.11699,0.949,-0.314,-0.027,-0.013
2.1,0.74857,-0.11814,0.11215,0.949,-0.314,-0.027,-0.013
2.15,0.74823,-0.11798,0.10735,0.949,-0.314,-0.027,-0.013
2.2,0.74791,-0.11779,0.10253,0.949,-0.314,-0.027,-0.013
2.25,0.74765,-0.11758,0.097646,0.949,-0.314,-0.027,-0.013
2.3,0.74745,-0.11735,0.092658,0.949,-0.314,-0.027,-0.013
2.35,0.74733,-0.11708,0.087548,0.949,-0.314,-0.027,-0.013
2.4,0.74728,-0.11677,0.082314,0.949,-0.314,-0.027,-0.013
2.45,0.74729,-0.11641,0.076969,0.949,-0.314,-0.027,-0.013
2.5,0.74736,-0.116,0.071559,0.949,-0.314,-0.027,-0.013
2.55,0.74748,-0.11553,0.066163,0.949,-0.314,-0.027,-0.013
2.6,0.74765,-0.11501,0.060912,0.949,-0.314,-0.027,-0.013
2.65,0.74785,-0.11447,0.055995,0.949,-0.314,-0.027,-0.013
2.7,0.74809,-0.11393,0.05166,0.949,-0.314,-0.027,-0.013
2.75,0.74834,-0.11347,0.04821,0.949,-0.314,-0.027,-0.013
2.8,0.74861,-0.11317,0.045965,0.949,-0.314,-0.027,-0.013
2.85,0.74889,-0.11312,0.045199,0.949,-0.314,-0.027,-0.013
2.9,0.74918,-0.1134,0.046058,0.949,-0.314,-0.027,-0.013
2.95,0.74947,-0.11404,0.048511,0.949,-0.314,-0.027,-0.013
3,0.74978,-0.11506,0.052385,0.949,-0.314,-0.027,-0.013
3.05,0.7501,-0.1164,0.057439,0.949,-0.314,-0.027,-0.013
3.1,0.75042,-0.11801,0.06342,0.949,-0.314,-0.027,-0.013
3.15,0.75075,-0.11984,0.070094,0.949,-0.314,-0.027,-0.013
3.2,0.75109,-0.12184,0.077265,0.949,-0.314,-0.027,-0.013
3.25,0.75142,-0.12396,0.084773,0.949,-0.314,-0.027,-0.013
3.3,0.75175,-0.12619,0.092491,0.949,-0.314,-0.027,-0.013
3.35,0.75208,-0.12851,0.10031,0.949,-0.314,-0.027,-0.013
3.4,0.7524,-0.13092,0.10813,0.949,-0.314,-0.027,-0.013
3.45,0.75271,-0.13344,0.11585,0.949,-0.314,-0.027,-0.013
3.5,0.75301,-0.13607,0.12335,0.949,-0.314,-0.027,-0.013
3.55,0.75329,-0.13881,0.1305,0.949,-0.314,-0.027,-0.013
3.6,0.75356,-0.14168,0.13715,0.949,-0.314,-0.027,-0.013
3.65,0.75382,-0.14466,0.14314,0.949,-0.314,-0.027,-0.013
3.7,0.75407,-0.14772,0.14827,0.949,-0.314,-0.027,-0.013
3.75,0.75432,-0.15082,0.15235,0.949,-0.314,-0.027,-0.013
3.8,0.75457,-0.1539,0.1552,0.949,-0.314,-0.027,-0.013
3.85,0.75482,-0.15689,0.15669,0.949,-0.314,-0.027,-0.013
3.9,0.75509,-0.15974,0.15674,0.949,-0.314,-0.027,-0.013
3.95,0.75538,-0.16242,0.15541,0.949,-0.314,-0.027,-0.013
4,0.7557,-0.16489,0.15284,0.949,-0.314,-0.027,-0.013
4.05,0.75603,-0.16712,0.14923,0.949,-0.314,-0.027,-0.013
4.1,0.75637,-0.1691,0.14479,0.949,-0.314,-0.027,-0.013
4.15,0.7567,-0.17081,0.13978,0.949,-0.314,-0.027,-0.013
4.2,0.75702,-0.17228,0.13438,0.949,-0.314,-0.027,-0.013
4.25,0.75732,-0.17353,0.12877,0.949,-0.314,-0.027,-0.013
4.3,0.7576,-0.17458,0.1231,0.949,-0.314,-0.027,-0.013
4.35,0.75786,-0.17547,0.11745,0.949,-0.314,-0.027,-0.013
4.4,0.75812,-0.17626,0.11188,0.949,-0.314,-0.027,-0.013
4.45,0.75836,-0.17695,0.1064,0.949,-0.314,-0.027,-0.013
4.5,0.75859,-0.17759,0.10102,0.949,-0.314,-0.027,-0.013
4.55,0.75882,-0.17818,0.095718,0.949,-0.314,-0.027,-0.013
4.6,0.75905,-0.17872,0.090467,0.949,-0.314,-0.027,-0.013
4.65,0.75926,-0.17922,0.085239,0.949,-0.314,-0.027,-0.013
4.7,0.75946,-0.17964,0.080006,0.949,-0.314,-0.027,-0.013
4.75,0.75963,-0.17998,0.074746,0.949,-0.314,-0.027,-0.013
4.8,0.75978,-0.1802,0.069447,0.949,-0.314,-0.027,-0.013
4.85,0.7599,-0.18027,0.06411,0.949,-0.314,-0.027,-0.013
4.9,0.75999,-0.18019,0.058758,0.949,-0.314,-0.027,-0.013
4.95,0.76005,-0.17995,0.053438,0.949,-0.314,-0.027,-0.013
5,0.76011,-0.1796,0.048231,0.949,-0.314,-0.027,-0.013
