0.05,0.56666,-0.06039,0.47246,0.746,-0.666,-0.012,0.004
0.1,0.56258,-0.054783,0.46743,0.746,-0.666,-0.012,0.004
0.15,0.55851,-0.049128,0.46233,0.746,-0.666,-0.012,0.004
0.2,0.55446,-0.043433,0.45717,0.746,-0.666,-0.012,0.004
0.25,0.55046,-0.037701,0.45195,0.746,-0.666,-0.012,0.004
0.3,0.54652,-0.031934,0.44669,0.746,-0.666,-0.012,0.004
0.35,0.54266,-0.026131,0.44137,0.746,-0.666,-0.012,0.004
0.4,0.53888,-0.020287,0.43599,0.746,-0.666,-0.012,0.004
0.45,0.53521,-0.014393,0.43055,0.746,-0.666,-0.012,0.004
0.5,0.53164,-0.0084423,0.42502,0.746,-0.666,-0.012,0.004
0.55,0.52821,-0.0024325,0.41941,0.746,-0.666,-0.012,0.004
0.6,0.52492,0.0036217,0.41371,0.746,-0.666,-0.012,0.004
0.65,0.52183,0.0096924,0.40796,0.746,-0.666,-0.012,0.004
0.7,0.51895,0.01575,0.40217,0.746,-0.666,-0.012,0.004
0.75,0.5163,0.021773,0.39635,0.746,-0.666,-0.012,0.004
0.8,0.5139,0.027746,0.39052,0.746,-0.666,-0.012,0.004
0.85,0.51174,0.033664,0.38465,0.746,-0.666,-0.012,0.004
0.9,0.50982,0.039526,0.37874,0.746,-0.666,-0.012,0.004
0.95,0.50813,0.045336,0.37277,0.746,-0.666,-0.012,0.004
1,0.50667,0.051097,0.36672,0.746,-0.666,-0.012,0.004
1.05,0.50542,0.056809,0.36057,0.746,-0.666,-0.012,0.004
1.1,0.50438,0.06247,0.35431,0.746,-0.666,-0.012,0.004
1.15,0.50356,0.068078,0.34794,0.746,-0.666,-0.012,0.004
1.2,0.50294,0.073628,0.34144,0.746,-0.666,-0.012,0.004
1.25,0.50253,0.079114,0.33482,0.746,-0.666,-0.012,0.004
1.3,0.50232,0.084531,0.32807,0.746,-0.666,-0.012,0.004
1.35,0.50232,0.089872,0.32118,0.746,-0.666,-0.012,0.004
1.4,0.50252,0.095131,0.31416,0.746,-0.666,-0.012,0.004
1.45,0.50293,0.1003,0.307,0.746,-0.666,-0.012,0.004
1.5,0.50353,0.10537,0.2997,0.746,-0.666,-0.012,0.004
1.55,0.50433,0.11033,0.29229,0.746,-0.666,-0.012,0.004
1.6,0.50533,0.11518,0.28476,0.746,-0.666,-0.012,0.004
1.65,0.50653,0.11989,0.27712,0.746,-0.666,-0.012,0.004
1.7,0.50792,0.12446,0.2694,0.746,-0.666,-0.012,0.004
1.75,0.50951,0.12887,0.2616,0.746,-0.666,-0.012,0.004
1.8,0.51129,0.13311,0.25373,0.746,-0.666,-0.012,0.004
1.85,0.51325,0.13718,0.24582,0.746,-0.666,-0.012,0.004
1.9,0.5154,0.14107,0.23787,0.746,-0.666,-0.012,0.004
1.95,0.51772,0.14477,0.22989,0.746,-0.666,-0.012,0.004
2,0.52021,0.14828,0.22188,0.746,-0.666,-0.012,0.004
2.05,0.52287,0.15162,0.21385,0.746,-0.666,-0.012,0.004
2.1,0.52569,0.15479,0.20582,0.746,-0.666,-0.012,0.004
2.15,0.52868,0.1578,0.19779,0.746,-0.666,-0.012,0.004
2.2,0.53184,0.16065,0.18977,0.746,-0.666,-0.012,0.004
2.25,0.53517,0.16334,0.18179,0.746,-0.666,-0.012,0.004
2.3,0.53867,0.16588,0.17385,0.746,-0.666,-0.012,0.004
2.35,0.54236,0.16826,0.16599,0.746,-0.666,-0.012,0.004
2.4,0.54622,0.17049,0.15822,0.746,-0.666,-0.012,0.004
2.45,0.55026,0.17256,0.15056,0.746,-0.666,-0.012,0.004
2.5,0.55448,0.17448,0.14304,0.746,-0.666,-0.012,0.004
2.55,0.55885,0.17625,0.13566,0.746,-0.666,-0.012,0.004
2.6,0.56339,0.17788,0.12844,0.746,-0.666,-0.012,0.004
2.65,0.56808,0.17936,0.12141,0.746,-0.666,-0.012,0.004
2.7,0.5729,0.18071,0.11456,0.746,-0.666,-0.012,0.004
2.75,0.57785,0.18192,0.10791,0.746,-0.666,-0.012,0.004
2.8,0.58293,0.18299,0.10147,0.746,-0.666,-0.012,0.004
2.85,0.58812,0.18393,0.095244,0.746,-0.666,-0.012,0.004
2.9,0.59341,0.18475,0.089243,0.746,-0.666,-0.012,0.004
2.95,0.5988,0.18545,0.083474,0.746,-0.666,-0.012,0.004
3,0.60426,0.18603,0.077944,0.746,-0.666,-0.012,0.004
3.05,0.6098,0.1865,0.072659,0.746,-0.666,-0.012,0.004
3.1,0.61539,0.18688,0.067627,0.746,-0.666,-0.012,0.004
3.15,0.62102,0.18716,0.062854,0.746,-0.666,-0.012,0.004
3.2,0.62667,0.18735,0.058346,0.746,-0.666,-0.012,0.004
3.25,0.63233,0.18747,0.05411,0.746,-0.666,-0.012,0.004
3.3,0.63799,0.18753,0.05015,0.746,-0.666,-0.012,0.004
3.35,0.64362,0.18753,0.046472,0.746,-0.666,-0.012,0.004
3.4,0.6492,0.18748,0.043076,0.746,-0.666,-0.012,0.004
3.45,0.65473,0.1874,0.039965,0.746,-0.666,-0.012,0.004
3.5,0.66018,0.18728,0.037138,0.746,-0.666,-0.012,0.004
3.55,0.66555,0.18714,0.034593,0.746,-0.666,-0.012,0.004
3.6,0.6708,0.18699,0.032326,0.746,-0.666,-0.012,0.004
3.65,0.67594,0.18681,0.03033,0.746,-0.666,-0.012,0.004
3.7,0.68095,0.18663,0.028597,0.746,-0.666,-0.012,0.004
3.75,0.68582,0.18642,0.02712,0.746,-0.666,-0.012,0.004
3.8,0.69053,0.18621,0.025886,0.746,-0.666,-0.012,0.004
3.85,0.69509,0.18597,0.024884,0.746,-0.666,-0.012,0.004
3.9,0.69948,0.18573,0.024101,0.746,-0.666,-0.012,0.004
3.95,0.7037,0.18546,0.023522,0.746,-0.666,-0.012,0.004
4,0.70774,0.18518,0.023132,0.746,-0.666,-0.012,0.004
4.05,0.71161,0.18487,0.022916,0.746,-0.666,-0.012,0.004
4.1,0.71529,0.18454,0.022858,0.746,-0.666,-0.012,0.004
4.15,0.71879,0.18419,0.022944,0.746,-0.666,-0.012,0.004
4.2,0.7221,0.18382,0.023157,0.746,-0.666,-0.012,0.004
4.25,0.72523,0.18342,0.023482,0.746,-0.666,-0.012,0.004
4.3,0.72816,0.18299,0.023904,0.746,-0.666,-0.012,0.004
4.35,0.7309,0.18254,0.024405,0.746,-0.666,-0.012,0.004
4.4,0.73344,0.18206,0.024967,0.746,-0.666,-0.012,0.004
4.45,0.73577,0.18155,0.025569,0.746,-0.666,-0.012,0.004
4.5,0.7379,0.18102,0.026191,0.746,-0.666,-0.012,0.004
4.55,0.7398,0.18047,0.026815,0.746,-0.666,-0.012,0.004
4.6,0.7415,0.17991,0.027431,0.746,-0.666,-0.012,0.004
4.65,0.743,0.17931,0.028037,0.746,-0.666,-0.012,0.004
4.7,0.74431,0.1787,0.028633,0.746,-0.666,-0.012,0.004
4.75,0.74545,0.17807,0.029221,0.746,-0.666,-0.012,0.004
4.8,0.74644,0.17742,0.0298,0.746,-0.666,-0.012,0.004
4.85,0.74727,0.17675,0.030372,0.746,-0.666,-0.012,0.004
4.9,0.74798,0.17607,0.030932,0.746,-0.666,-0.012,0.004
4.95,0.74855,0.17538,0.031476,0.746,-0.666,-0.012,0.004
5,0.74901,0.17468,0.031999,0.746,-0.666,-0.012,0.004
