0.05,0.84026,-0.18407,0.34264,0.746,-0.666,-0.012,0.004
0.1,0.8306,-0.17442,0.34033,0.746,-0.666,-0.012,0.004
0.15,0.82095,-0.16473,0.33793,0.746,-0.666,-0.012,0.004
0.2,0.81135,-0.15503,0.33547,0.746,-0.666,-0.012,0.004
0.25,0.8018,-0.14533,0.33294,0.746,-0.666,-0.012,0.004
0.3,0.79233,-0.13565,0.33033,0.746,-0.666,-0.012,0.004
0.35,0.78297,-0.126,0.32766,0.746,-0.666,-0.012,0.004
0.4,0.77374,-0.11637,0.32489,0.746,-0.666,-0.012,0.004
0.45,0.76463,-0.10676,0.32204,0.746,-0.666,-0.012,0.004
0.5,0.75567,-0.097156,0.31907,0.746,-0.666,-0.012,0.004
0.55,0.74687,-0.087558,0.316,0.746,-0.666,-0.012,0.004
0.6,0.73827,-0.077995,0.31281,0.746,-0.666,-0.012,0.004
0.65,0.72991,-0.068517,0.30953,0.746,-0.666,-0.012,0.004
0.7,0.72184,-0.059175,0.30618,0.746,-0.666,-0.012,0.004
0.75,0.71407,-0.050007,0.30275,0.746,-0.666,-0.012,0.004
0.8,0.70662,-0.04103,0.29927,0.746,-0.666,-0.012,0.004
0.85,0.69948,-0.032252,0.29571,0.746,-0.666,-0.012,0.004
0.9,0.69264,-0.023665,0.29208,0.746,-0.666,-0.012,0.004
0.95,0.68608,-0.015256,0.28836,0.746,-0.666,-0.012,0.004
1,0.67978,-0.0070077,0.28454,0.746,-0.666,-0.012,0.004
1.05,0.67374,0.0010898,0.2806,0.746,-0.666,-0.012,0.004
1.1,0.66794,0.0090443,0.27653,0.746,-0.666,-0.012,0.004
1.15,0.66238,0.01686,0.27232,0.746,-0.666,-0.012,0.004
1.2,0.65707,0.024538,0.26797,0.746,-0.666,-0.012,0.004
1.25,0.652,0.032081,0.26347,0.746,-0.666,-0.012,0.004
1.3,0.64717,0.039488,0.25882,0.746,-0.666,-0.012,0.004
1.35,0.64258,0.046759,0.254,0.746,-0.666,-0.012,0.004
1.4,0.63823,0.053891,0.24902,0.746,-0.666,-0.012,0.004
1.45,0.63412,0.060879,0.24388,0.746,-0.666,-0.012,0.004
1.5,0.63026,0.067719,0.23859,0.746,-0.666,-0.012,0.004
1.55,0.62664,0.0744,0.23314,0.746,-0.666,-0.012,0.004
1.6,0.62326,0.080912,0.22754,0.746,-0.666,-0.012,0.004
1.65,0.62014,0.087244,0.2218,0.746,-0.666,-0.012,0.004
1.7,0.61728,0.09338,0.21593,0.746,-0.666,-0.012,0.004
1.75,0.61469,0.099308,0.20994,0.746,-0.666,-0.012,0.004
1.8,0.61236,0.10502,0.20384,0.746,-0.666,-0.012,0.004
1.85,0.61031,0.1105,0.19764,0.746,-0.666,-0.012,0.004
1.9,0.60852,0.11575,0.19135,0.746,-0.666,-0.012,0.004
1.95,0.607,0.12077,0.18497,0.746,-0.666,-0.012,0.004
2,0.60573,0.12557,0.17852,0.746,-0.666,-0.012,0.004
2.05,0.60469,0.13017,0.172,0.746,-0.666,-0.012,0.004
2.1,0.60388,0.13458,0.16544,0.746,-0.666,-0.012,0.004
2.15,0.60328,0.1388,0.15885,0.746,-0.666,-0.012,0.004
2.2,0.6029,0.14284,0.15225,0.746,-0.666,-0.012,0.004
2.25,0.60274,0.14669,0.14566,0.746,-0.666,-0.012,0.004
2.3,0.6028,0.15037,0.13911,0.746,-0.666,-0.012,0.004
2.35,0.6031,0.15385,0.1326,0.746,-0.666,-0.012,0.004
2.4,0.60363,0.15716,0.12618,0.746,-0.666,-0.012,0.004
2.45,0.60439,0.16028,0.11985,0.746,-0.666,-0.012,0.004
2.5,0.60538,0.16322,0.11364,0.746,-0.666,-0.012,0.004
2.55,0.6066,0.16598,0.10757,0.746,-0.666,-0.012,0.004
2.6,0.60804,0.16857,0.10165,0.746,-0.666,-0.012,0.004
2.65,0.60971,0.17098,0.095905,0.746,-0.666,-0.012,0.004
2.7,0.6116,0.17323,0.090331,0.746,-0.666,-0.012,0.004
2.75,0.61373,0.17532,0.084939,0.746,-0.666,-0.012,0.004
2.8,0.61608,0.17724,0.079735,0.746,-0.666,-0.012,0.004
2.85,0.61866,0.179,0.074724,0.746,-0.666,-0.012,0.004
2.9,0.62148,0.18061,0.069912,0.746,-0.666,-0.012,0.004
2.95,0.62452,0.18206,0.065303,0.746,-0.666,-0.012,0.004
3,0.62778,0.18338,0.060902,0.746,-0.666,-0.012,0.004
3.05,0.63125,0.18456,0.056715,0.746,-0.666,-0.012,0.004
3.1,0.63492,0.18561,0.052749,0.746,-0.666,-0.012,0.004
3.15,0.63876,0.18655,0.04901,0.746,-0.666,-0.012,0.004
3.2,0.64275,0.18738,0.045506,0.746,-0.666,-0.012,0.004
3.25,0.64688,0.18812,0.042242,0.746,-0.666,-0.012,0.004
3.3,0.65111,0.18878,0.039227,0.746,-0.666,-0.012,0.004
3.35,0.65541,0.18937,0.036465,0.746,-0.666,-0.012,0.004
3.4,0.65977,0.18991,0.033961,0.746,-0.666,-0.012,0.004
3.45,0.66415,0.1904,0.031719,0.746,-0.666,-0.012,0.004
3.5,0.66854,0.19086,0.029739,0.746,-0.666,-0.012,0.004
3.55,0.6729,0.19129,0.028019,0.746,-0.666,-0.012,0.004
3.6,0.67724,0.19169,0.026556,0.746,-0.666,-0.012,0.004
3.65,0.68152,0.19208,0.025344,0.746,-0.666,-0.012,0.004
3.7,0.68574,0.19245,0.024374,0.746,-0.666,-0.012,0.004
3.75,0.68989,0.19281,0.023638,0.746,-0.666,-0.012,0.004
3.8,0.69396,0.19316,0.023124,0.746,-0.666,-0.012,0.004
3.85,0.69793,0.1935,0.02282,0.746,-0.666,-0.012,0.004
3.9,0.7018,0.19383,0.022713,0.746,-0.666,-0.012,0.004
3.95,0.70556,0.19416,0.02279,0.746,-0.666,-0.012,0.004
4,0.70921,0.19447,0.023037,0.746,-0.666,-0.012,0.004
4.05,0.71274,0.19478,0.023439,0.746,-0.666,-0.012,0.004
4.1,0.71614,0.19508,0.023983,0.746,-0.666,-0.012,0.004
4.15,0.71941,0.19537,0.024655,0.746,-0.666,-0.012,0.004
4.2,0.72255,0.19565,0.025441,0.746,-0.666,-0.012,0.004
4.25,0.72554,0.19593,0.026328,0.746,-0.666,-0.012,0.004
4.3,0.72839,0.1962,0.027302,0.746,-0.666,-0.012,0.004
4.35,0.73108,0.19645,0.028347,0.746,-0.666,-0.012,0.004
4.4,0.73361,0.1967,0.029449,0.746,-0.666,-0.012,0.004
4.45,0.73596,0.19694,0.030588,0.746,-0.666,-0.012,0.004
4.5,0.73811,0.19717,0.031744,0.746,-0.666,-0.012,0.004
4.55,0.74006,0.19739,0.032903,0.746,-0.666,-0.012,0.004
4.6,0.74182,0.1976,0.034053,0.746,-0.666,-0.012,0.004
4.65,0.74339,0.1978,0.035195,0.746,-0.666,-0.012,0.004
4.7,0.74479,0.19799,0.036328,0.746,-0.666,-0.012,0.004
4.75,0.74602,0.19817,0.037455,0.746,-0.666,-0.012,0.004
4.8,0.74711,0.19835,0.038577,0.746,-0.666,-0.012,0.004
4.85,0.74806,0.19852,0.039693,0.746,-0.666,-0.012,0.004
4.9,0.74888,0.19868,0.0408,0.746,-0.666,-0.012,0.004
4.95,0.74957,0.19883,0.041894,0.746,-0.666,-0.012,0.004
5,0.75015,0.19898,0.042968,0.746,-0.666,-0.012,0.004
