0.05,0.37827,0.10125,0.2016,0.746,-0.666,-0.012,0.004
0.1,0.38087,0.10415,0.20579,0.746,-0.666,-0.012,0.004
0.15,0.38345,0.1071,0.20987,0.746,-0.666,-0.012,0.004
0.2,0.38601,0.11008,0.21381,0.746,-0.666,-0.012,0.004
0.25,0.38852,0.11308,0.21758,0.746,-0.666,-0.012,0.004
0.3,0.391,0.1161,0.22116,0.746,-0.666,-0.012,0.004
0.35,0.39343,0.11915,0.22452,0.746,-0.666,-0.012,0.004
0.4,0.39583,0.12223,0.22765,0.746,-0.666,-0.012,0.004
0.45,0.39821,0.12535,0.23053,0.746,-0.666,-0.012,0.004
0.5,0.40058,0.12853,0.23316,0.746,-0.666,-0.012,0.004
0.55,0.40296,0.13176,0.23554,0.746,-0.666,-0.012,0.004
0.6,0.40536,0.13504,0.23764,0.746,-0.666,-0.012,0.004
0.65,0.40776,0.13834,0.23943,0.746,-0.666,-0.012,0.004
0.7,0.41016,0.14163,0.24088,0.746,-0.666,-0.012,0.004
0.75,0.41255,0.14491,0.24198,0.746,-0.666,-0.012,0.004
0.8,0.41495,0.14817,0.24272,0.746,-0.666,-0.012,0.004
0.85,0.41735,0.15139,0.24311,0.746,-0.666,-0.012,0.004
0.9,0.41977,0.15459,0.24316,0.746,-0.666,-0.012,0.004
0.95,0.42222,0.15775,0.24287,0.746,-0.666,-0.012,0.004
1,0.42471,0.16087,0.24226,0.746,-0.666,-0.012,0.004
1.05,0.42725,0.16396,0.24133,0.746,-0.666,-0.012,0.004
1.1,0.42985,0.167,0.2401,0.746,-0.666,-0.012,0.004
1.15,0.43252,0.17,0.23856,0.746,-0.666,-0.012,0.004
1.2,0.43527,0.17295,0.23672,0.746,-0.666,-0.012,0.004
1.25,0.4381,0.17585,0.23459,0.746,-0.666,-0.012,0.004
1.3,0.44103,0.17869,0.23218,0.746,-0.666,-0.012,0.004
1.35,0.44406,0.18146,0.22949,0.746,-0.666,-0.012,0.004
1.4,0.44719,0.18417,0.22653,0.746,-0.666,-0.012,0.004
1.45,0.45044,0.1868,0.22331,0.746,-0.666,-0.012,0.004
1.5,0.45379,0.18935,0.21984,0.746,-0.666,-0.012,0.004
1.55,0.45727,0.19181,0.21612,0.746,-0.666,-0.012,0.004
1.6,0.46086,0.19417,0.21217,0.746,-0.666,-0.012,0.004
1.65,0.46455,0.19642,0.208,0.746,-0.666,-0.012,0.004
1.7,0.46836,0.19856,0.20361,0.746,-0.666,-0.012,0.004
1.75,0.47227,0.20058,0.19901,0.746,-0.666,-0.012,0.004
1.8,0.47627,0.20246,0.19423,0.746,-0.666,-0.012,0.004
1.85,0.48038,0.2042,0.18927,0.746,-0.666,-0.012,0.004
1.9,0.48458,0.20579,0.18415,0.746,-0.666,-0.012,0.004
1.95,0.48888,0.20723,0.1789,0.746,-0.666,-0.012,0.004
2,0.49329,0.2085,0.17354,0.746,-0.666,-0.012,0.004
2.05,0.4978,0.20963,0.16808,0.746,-0.666,-0.012,0.004
2.1,0.50241,0.2106,0.16255,0.746,-0.666,-0.012,0.004
2.15,0.50715,0.21143,0.15696,0.746,-0.666,-0.012,0.004
2.2,0.512,0.21213,0.15133,0.746,-0.666,-0.012,0.004
2.25,0.51697,0.2127,0.14566,0.746,-0.666,-0.012,0.004
2.3,0.52206,0.21315,0.13998,0.746,-0.666,-0.012,0.004
2.35,0.52727,0.21348,0.1343,0.746,-0.666,-0.012,0.004
2.4,0.53259,0.21372,0.12863,0.746,-0.666,-0.012,0.004
2.45,0.53804,0.21384,0.123,0.746,-0.666,-0.012,0.004
2.5,0.54359,0.21388,0.11742,0.746,-0.666,-0.012,0.004
2.55,0.54924,0.21381,0.11191,0.746,-0.666,-0.012,0.004
2.6,0.55498,0.21366,0.10648,0.746,-0.666,-0.012,0.004
2.65,0.5608,0.21343,0.10115,0.746,-0.666,-0.012,0.004
2.7,0.56669,0.21312,0.095926,0.746,-0.666,-0.012,0.004
2.75,0.57264,0.21273,0.090815,0.746,-0.666,-0.012,0.004
2.8,0.57864,0.21228,0.085827,0.746,-0.666,-0.012,0.004
2.85,0.58468,0.21176,0.080968,0.746,-0.666,-0.012,0.004
2.9,0.59075,0.2112,0.076248,0.746,-0.666,-0.012,0.004
2.95,0.59684,0.21058,0.071673,0.746,-0.666,-0.012,0.004
3,0.60294,0.20992,0.067253,0.746,-0.666,-0.012,0.004
3.05,0.60904,0.20922,0.062997,0.746,-0.666,-0.012,0.004
3.1,0.61513,0.20849,0.058915,0.746,-0.666,-0.012,0.004
3.15,0.62119,0.20773,0.055017,0.746,-0.666,-0.012,0.004
3.2,0.62723,0.20695,0.051314,0.746,-0.666,-0.012,0.004
3.25,0.63323,0.20616,0.047817,0.746,-0.666,-0.012,0.004
3.3,0.63917,0.20535,0.044535,0.746,-0.666,-0.012,0.004
3.35,0.64504,0.20455,0.041479,0.746,-0.666,-0.012,0.004
3.4,0.65084,0.20374,0.038655,0.746,-0.666,-0.012,0.004
3.45,0.65655,0.20295,0.036069,0.746,-0.666,-0.012,0.004
3.5,0.66215,0.20216,0.033723,0.746,-0.666,-0.012,0.004
3.55,0.66763,0.20139,0.031617,0.746,-0.666,-0.012,0.004
3.6,0.67298,0.20064,0.029748,0.746,-0.666,-0.012,0.004
3.65,0.6782,0.19992,0.028109,0.746,-0.666,-0.012,0.004
3.7,0.68325,0.19922,0.026692,0.746,-0.666,-0.012,0.004
3.75,0.68815,0.19855,0.025486,0.746,-0.666,-0.012,0.004
3.8,0.69287,0.19792,0.02448,0.746,-0.666,-0.012,0.004
3.85,0.69741,0.19731,0.02366,0.746,-0.666,-0.012,0.004
3.9,0.70176,0.19673,0.023011,0.746,-0.666,-0.012,0.004
3.95,0.70593,0.19619,0.022518,0.746,-0.666,-0.012,0.004
4,0.7099,0.19567,0.022167,0.746,-0.666,-0.012,0.004
4.05,0.71367,0.19518,0.021941,0.746,-0.666,-0.012,0.004
4.1,0.71724,0.19472,0.021825,0.746,-0.666,-0.012,0.004
4.15,0.72062,0.19429,0.021805,0.746,-0.666,-0.012,0.004
4.2,0.72379,0.19387,0.021864,0.746,-0.666,-0.012,0.004
4.25,0.72676,0.19348,0.021989,0.746,-0.666,-0.012,0.004
4.3,0.72953,0.19311,0.022165,0.746,-0.666,-0.012,0.004
4.35,0.73209,0.19275,0.022378,0.746,-0.666,-0.012,0.004
4.4,0.73444,0.19241,0.022613,0.746,-0.666,-0.012,0.004
4.45,0.73658,0.19207,0.022855,0.746,-0.666,-0.012,0.004
4.5,0.7385,0.19173,0.023089,0.746,-0.666,-0.012,0.004
4.55,0.7402,0.1914,0.023304,0.746,-0.666,-0.012,0.004
4.6,0.74169,0.19106,0.023491,0.746,-0.666,-0.012,0.004
4.65,0.74297,0.19072,0.023649,0.746,-0.666,-0.012,0.004
4.7,0.74407,0.19038,0.023776,0.746,-0.666,-0.012,0.004
4.75,0.74498,0.19004,0.023875,0.746,-0.666,-0.012,0.004
4.8,0.74574,0.18969,0.023946,0.746,-0.666,-0.012,0.004
4.85,0.74635,0.18934,0.023993,0.746,-0.666,-0.012,0.004
4.9,0.74682,0.189,0.024015,0.746,-0.666,-0.012,0.004
4.95,0.74716,0.18864,0.024013,0.746,-0.666,-0.012,0.004
5,0.74738,0.18829,0.023985,0.746,-0.666,-0.012,0.004
