0.05,0.49727,0.50472,0.1371,0.746,-0.666,-0.012,0.004
0.1,0.49572,0.49359,0.1397,0.746,-0.666,-0.012,0.004
0.15,0.49418,0.48257,0.14222,0.746,-0.666,-0.012,0.004
0.2,0.49264,0.47168,0.14465,0.746,-0.666,-0.012,0.004
0.25,0.49113,0.46098,0.14699,0.746,-0.666,-0.012,0.004
0.3,0.48964,0.4505,0.14922,0.746,-0.666,-0.012,0.004
0.35,0.48819,0.44029,0.15135,0.746,-0.666,-0.012,0.004
0.4,0.48679,0.43035,0.15335,0.746,-0.666,-0.012,0.004
0.45,0.48545,0.4207,0.15522,0.746,-0.666,-0.012,0.004
0.5,0.48418,0.41133,0.15693,0.746,-0.666,-0.012,0.004
0.55,0.48298,0.40226,0.15849,0.746,-0.666,-0.012,0.004
0.6,0.48188,0.39351,0.15987,0.746,-0.666,-0.012,0.004
0.65,0.48089,0.38513,0.16108,0.746,-0.666,-0.012,0.004
0.7,0.48002,0.37717,0.16212,0.746,-0.666,-0.012,0.004
0.75,0.47926,0.36966,0.16297,0.746,-0.666,-0.012,0.004
0.8,0.47861,0.36258,0.16364,0.746,-0.666,-0.012,0.004
0.85,0.47808,0.35594,0.16412,0.746,-0.666,-0.012,0.004
0.9,0.47766,0.34969,0.16442,0.746,-0.666,-0.012,0.004
0.95,0.47736,0.34382,0.16453,0.746,-0.666,-0.012,0.004
1,0.47719,0.33828,0.16445,0.746,-0.666,-0.012,0.004
1.05,0.47716,0.33305,0.16419,0.746,-0.666,-0.012,0.004
1.1,0.47727,0.32811,0.16374,0.746,-0.666,-0.012,0.004
1.15,0.47754,0.32344,0.16308,0.746,-0.666,-0.012,0.004
1.2,0.47798,0.31901,0.16223,0.746,-0.666,-0.012,0.004
1.25,0.47858,0.3148,0.16117,0.746,-0.666,-0.012,0.004
1.3,0.47935,0.31079,0.1599,0.746,-0.666,-0.012,0.004
1.35,0.4803,0.30697,0.15843,0.746,-0.666,-0.012,0.004
1.4,0.48144,0.3033,0.15674,0.746,-0.666,-0.012,0.004
1.45,0.48275,0.29979,0.15485,0.746,-0.666,-0.012,0.004
1.5,0.48426,0.2964,0.15275,0.746,-0.666,-0.012,0.004
1.55,0.48595,0.29314,0.15045,0.746,-0.666,-0.012,0.004
1.6,0.48783,0.29,0.14796,0.746,-0.666,-0.012,0.004
1.65,0.4899,0.28698,0.14528,0.746,-0.666,-0.012,0.004
1.7,0.49217,0.28408,0.14242,0.746,-0.666,-0.012,0.004
1.75,0.49464,0.28131,0.13939,0.746,-0.666,-0.012,0.004
1.8,0.4973,0.27866,0.13621,0.746,-0.666,-0.012,0.004
1.85,0.50017,0.27613,0.13287,0.746,-0.666,-0.012,0.004
1.9,0.50324,0.27371,0.12942,0.746,-0.666,-0.012,0.004
1.95,0.50653,0.27138,0.12586,0.746,-0.666,-0.012,0.004
2,0.51002,0.26912,0.12222,0.746,-0.666,-0.012,0.004
2.05,0.51371,0.26691,0.11852,0.746,-0.666,-0.012,0.004
2.1,0.5176,0.26473,0.11479,0.746,-0.666,-0.012,0.004
2.15,0.52168,0.26258,0.11102,0.746,-0.666,-0.012,0.004
2.2,0.52594,0.26045,0.10723,0.746,-0.666,-0.012,0.004
2.25,0.53036,0.25835,0.10342,0.746,-0.666,-0.012,0.004
2.3,0.53495,0.25626,0.099596,0.746,-0.666,-0.012,0.004
2.35,0.53969,0.25419,0.095768,0.746,-0.666,-0.012,0.004
2.4,0.54458,0.25215,0.091945,0.746,-0.666,-0.012,0.004
2.45,0.54959,0.25012,0.088138,0.746,-0.666,-0.012,0.004
2.5,0.55473,0.24811,0.08436,0.746,-0.666,-0.012,0.004
2.55,0.55997,0.24611,0.080623,0.746,-0.666,-0.012,0.004
2.6,0.56531,0.24413,0.076937,0.746,-0.666,-0.012,0.004
2.65,0.57073,0.24217,0.07331,0.746,-0.666,-0.012,0.004
2.7,0.57622,0.24022,0.069747,0.746,-0.666,-0.012,0.004
2.75,0.58178,0.2383,0.066252,0.746,-0.666,-0.012,0.004
2.8,0.58738,0.23641,0.06283,0.746,-0.666,-0.012,0.004
2.85,0.59304,0.23455,0.059483,0.746,-0.666,-0.012,0.004
2.9,0.59872,0.23272,0.056219,0.746,-0.666,-0.012,0.004
2.95,0.60444,0.23094,0.053043,0.746,-0.666,-0.012,0.004
3,0.61016,0.22919,0.049963,0.746,-0.666,-0.012,0.004
3.05,0.6159,0.2275,0.046989,0.746,-0.666,-0.012,0.004
3.1,0.62163,0.22584,0.044131,0.746,-0.666,-0.012,0.004
3.15,0.62736,0.22423,0.041402,0.746,-0.666,-0.012,0.004
3.2,0.63305,0.22268,0.038815,0.746,-0.666,-0.012,0.004
3.25,0.63872,0.22117,0.036384,0.746,-0.666,-0.012,0.004
3.3,0.64433,0.21971,0.034123,0.746,-0.666,-0.012,0.004
3.35,0.64988,0.2183,0.032044,0.746,-0.666,-0.012,0.004
3.4,0.65537,0.21694,0.03016,0.746,-0.666,-0.012,0.004
3.45,0.66076,0.21563,0.028479,0.746,-0.666,-0.012,0.004
3.5,0.66606,0.21438,0.027005,0.746,-0.666,-0.012,0.004
3.55,0.67125,0.21319,0.02574,0.746,-0.666,-0.012,0.004
3.6,0.6763,0.21205,0.024681,0.746,-0.666,-0.012,0.004
3.65,0.68122,0.21098,0.023823,0.746,-0.666,-0.012,0.004
3.7,0.686,0.20998,0.023157,0.746,-0.666,-0.012,0.004
3.75,0.69061,0.20905,0.022674,0.746,-0.666,-0.012,0.004
3.8,0.69505,0.20819,0.02236,0.746,-0.666,-0.012,0.004
3.85,0.69931,0.2074,0.022203,0.746,-0.666,-0.012,0.004
3.9,0.70339,0.20669,0.022189,0.746,-0.666,-0.012,0.004
3.95,0.70728,0.20606,0.022304,0.746,-0.666,-0.012,0.004
4,0.71098,0.20551,0.022533,0.746,-0.666,-0.012,0.004
4.05,0.71448,0.20503,0.022864,0.746,-0.666,-0.012,0.004
4.1,0.71778,0.20462,0.023282,0.746,-0.666,-0.012,0.004
4.15,0.72089,0.20428,0.023775,0.746,-0.666,-0.012,0.004
4.2,0.72379,0.20402,0.024331,0.746,-0.666,-0.012,0.004
4.25,0.72648,0.20381,0.024936,0.746,-0.666,-0.012,0.004
4.3,0.72897,0.20367,0.025579,0.746,-0.666,-0.012,0.004
4.35,0.73125,0.20358,0.026248,0.746,-0.666,-0.012,0.004
4.4,0.73331,0.20354,0.026931,0.746,-0.666,-0.012,0.004
4.45,0.73516,0.20354,0.027615,0.746,-0.666,-0.012,0.004
4.5,0.73678,0.20356,0.028289,0.746,-0.666,-0.012,0.004
4.55,0.73818,0.2036,0.028942,0.746,-0.666,-0.012,0.004
4.6,0.73937,0.20366,0.029568,0.746,-0.666,-0.012,0.004
4.65,0.74034,0.20373,0.030163,0.746,-0.666,-0.012,0.004
4.7,0.74112,0.20382,0.030729,0.746,-0.666,-0.012,0.004
4.75,0.74172,0.20392,0.031268,0.746,-0.666,-0.012,0.004
4.8,0.74216,0.20403,0.031783,0.746,-0.666,-0.012,0.004
4.85,0.74243,0.20416,0.032275,0.746,-0.666,-0.012,0.004
4.9,0.74257,0.2043,0.032745,0.746,-0.666,-0.012,0.004
4.95,0.74258,0.20444,0.033192,0.746,-0.666,-0.012,0.004
5,0.74247,0.20457,0.033615,0.746,-0.666,-0.012,0.004
