0.05,0.26262,0.39666,0.3937,0.746,-0.666,-0.012,0.004
0.1,0.26545,0.38837,0.39071,0.746,-0.666,-0.012,0.004
0.15,0.26827,0.38017,0.38764,0.746,-0.666,-0.012,0.004
0.2,0.27111,0.37209,0.38451,0.746,-0.666,-0.012,0.004
0.25,0.27395,0.36419,0.38132,0.746,-0.666,-0.012,0.004
0.3,0.27681,0.35648,0.37807,0.746,-0.666,-0.012,0.004
0.35,0.2797,0.349,0.37475,0.746,-0.666,-0.012,0.004
0.4,0.28262,0.34177,0.37136,0.746,-0.666,-0.012,0.004
0.45,0.28559,0.33479,0.36788,0.746,-0.666,-0.012,0.004
0.5,0.2886,0.32806,0.36429,0.746,-0.666,-0.012,0.004
0.55,0.29168,0.3216,0.3606,0.746,-0.666,-0.012,0.004
0.6,0.29484,0.31542,0.3568,0.746,-0.666,-0.012,0.004
0.65,0.29809,0.30957,0.3529,0.746,-0.666,-0.012,0.004
0.7,0.30142,0.30409,0.34892,0.746,-0.666,-0.012,0.004
0.75,0.30484,0.29899,0.34486,0.746,-0.666,-0.012,0.004
0.8,0.30836,0.29427,0.34073,0.746,-0.666,-0.012,0.004
0.85,0.31198,0.28991,0.3365,0.746,-0.666,-0.012,0.004
0.9,0.3157,0.28591,0.33217,0.746,-0.666,-0.012,0.004
0.95,0.31953,0.28223,0.32772,0.746,-0.666,-0.012,0.004
1,0.3235,0.27884,0.32315,0.746,-0.666,-0.012,0.004
1.05,0.3276,0.27571,0.31845,0.746,-0.666,-0.012,0.004
1.1,0.33183,0.27282,0.31361,0.746,-0.666,-0.012,0.004
1.15,0.33622,0.27015,0.30863,0.746,-0.666,-0.012,0.004
1.2,0.34075,0.26768,0.30349,0.746,-0.666,-0.012,0.004
1.25,0.34543,0.26539,0.29821,0.746,-0.666,-0.012,0.004
1.3,0.35026,0.26326,0.29276,0.746,-0.666,-0.012,0.004
1.35,0.35525,0.26126,0.28716,0.746,-0.666,-0.012,0.004
1.4,0.36038,0.25938,0.28141,0.746,-0.666,-0.012,0.004
1.45,0.36567,0.2576,0.2755,0.746,-0.666,-0.012,0.004
1.5,0.37111,0.25591,0.26944,0.746,-0.666,-0.012,0.004
1.55,0.3767,0.2543,0.26323,0.746,-0.666,-0.012,0.004
1.6,0.38244,0.25277,0.2569,0.746,-0.666,-0.012,0.004
1.65,0.38831,0.2513,0.25044,0.746,-0.666,-0.012,0.004
1.7,0.39432,0.2499,0.24388,0.746,-0.666,-0.012,0.004
1.75,0.40045,0.24856,0.23723,0.746,-0.666,-0.012,0.004
1.8,0.40671,0.24728,0.2305,0.746,-0.666,-0.012,0.004
1.85,0.41308,0.24606,0.22372,0.746,-0.666,-0.012,0.004
1.9,0.41956,0.24487,0.2169,0.746,-0.666,-0.012,0.004
1.95,0.42615,0.24371,0.21006,0.746,-0.666,-0.012,0.004
2,0.43286,0.24256,0.2032,0.746,-0.666,-0.012,0.004
2.05,0.43969,0.24139,0.19635,0.746,-0.666,-0.012,0.004
2.1,0.44665,0.24021,0.18951,0.746,-0.666,-0.012,0.004
2.15,0.45374,0.23901,0.18268,0.746,-0.666,-0.012,0.004
2.2,0.46096,0.23778,0.17587,0.746,-0.666,-0.012,0.004
2.25,0.4683,0.23654,0.16908,0.746,-0.666,-0.012,0.004
2.3,0.47577,0.23528,0.16233,0.746,-0.666,-0.012,0.004
2.35,0.48334,0.23401,0.15562,0.746,-0.666,-0.012,0.004
2.4,0.49103,0.23272,0.14897,0.746,-0.666,-0.012,0.004
2.45,0.49881,0.23143,0.14238,0.746,-0.666,-0.012,0.004
2.5,0.50668,0.23012,0.13588,0.746,-0.666,-0.012,0.004
2.55,0.51463,0.22881,0.12948,0.746,-0.666,-0.012,0.004
2.6,0.52263,0.22749,0.12319,0.746,-0.666,-0.012,0.004
2.65,0.53066,0.22616,0.11701,0.746,-0.666,-0.012,0.004
2.7,0.53872,0.22483,0.11097,0.746,-0.666,-0.012,0.004
2.75,0.54677,0.2235,0.10507,0.746,-0.666,-0.012,0.004
2.8,0.5548,0.22218,0.099316,0.746,-0.666,-0.012,0.004
2.85,0.56279,0.22088,0.093721,0.746,-0.666,-0.012,0.004
2.9,0.57071,0.21959,0.088294,0.746,-0.666,-0.012,0.004
2.95,0.57856,0.21833,0.083044,0.746,-0.666,-0.012,0.004
3,0.58633,0.21709,0.07798,0.746,-0.666,-0.012,0.004
3.05,0.59398,0.21588,0.073112,0.746,-0.666,-0.012,0.004
3.1,0.60153,0.2147,0.06845,0.746,-0.666,-0.012,0.004
3.15,0.60895,0.21356,0.064003,0.746,-0.666,-0.012,0.004
3.2,0.61625,0.21246,0.059782,0.746,-0.666,-0.012,0.004
3.25,0.62341,0.21139,0.055796,0.746,-0.666,-0.012,0.004
3.3,0.63043,0.21037,0.052054,0.746,-0.666,-0.012,0.004
3.35,0.6373,0.20938,0.048564,0.746,-0.666,-0.012,0.004
3.4,0.64402,0.20843,0.045331,0.746,-0.666,-0.012,0.004
3.45,0.65059,0.20753,0.04236,0.746,-0.666,-0.012,0.004
3.5,0.65698,0.20667,0.039652,0.746,-0.666,-0.012,0.004
3.55,0.66321,0.20586,0.037205,0.746,-0.666,-0.012,0.004
3.6,0.66924,0.2051,0.035018,0.746,-0.666,-0.012,0.004
3.65,0.67508,0.2044,0.033083,0.746,-0.666,-0.012,0.004
3.7,0.6807,0.20375,0.031395,0.746,-0.666,-0.012,0.004
3.75,0.68611,0.20316,0.029942,0.746,-0.666,-0.012,0.004
3.8,0.69129,0.20264,0.028715,0.746,-0.666,-0.012,0.004
3.85,0.69623,0.20218,0.027702,0.746,-0.666,-0.012,0.004
3.9,0.70093,0.20178,0.026888,0.746,-0.666,-0.012,0.004
3.95,0.70538,0.20144,0.02626,0.746,-0.666,-0.012,0.004
4,0.70958,0.20117,0.025802,0.746,-0.666,-0.012,0.004
4.05,0.71353,0.20095,0.0255,0.746,-0.666,-0.012,0.004
4.1,0.71723,0.2008,0.025338,0.746,-0.666,-0.012,0.004
4.15,0.72068,0.2007,0.025301,0.746,-0.666,-0.012,0.004
4.2,0.72388,0.20066,0.025374,0.746,-0.666,-0.012,0.004
4.25,0.72684,0.20067,0.025541,0.746,-0.666,-0.012,0.004
4.3,0.72955,0.20073,0.025787,0.746,-0.666,-0.012,0.004
4.35,0.73201,0.20083,0.026096,0.746,-0.666,-0.012,0.004
4.4,0.73423,0.20097,0.026452,0.746,-0.666,-0.012,0.004
4.45,0.73621,0.20114,0.026834,0.746,-0.666,-0.012,0.004
4.5,0.73794,0.20133,0.027226,0.746,-0.666,-0.012,0.004
4.55,0.73944,0.20153,0.027611,0.746,-0.666,-0.012,0.004
4.6,0.74071,0.20174,0.027981,0.746,-0.666,-0.012,0.004
4.65,0.74175,0.20197,0.028333,0.746,-0.666,-0.012,0.004
4.7,0.7426,0.2022,0.028666,0.746,-0.666,-0.012,0.004
4.75,0.74325,0.20244,0.028983,0.746,-0.666,-0.012,0.004
4.8,0.74373,0.2027,0.029284,0.746,-0.666,-0.012,0.004
4.85,0.74404,0.20296,0.029569,0.746,-0.666,-0.012,0.004
4.9,0.74421,0.20322,0.029837,0.746,-0.666,-0.012,0.004
4.95,0.74425,0.2035,0.030087,0.746,-0.666,-0.012,0.004
5,0.74416,0.20377,0.030312,0.746,-0.666,-0.012,0.004
