0.05,0.12539,0.12049,0.28644,0.746,-0.666,-0.012,0.004
0.1,0.13386,0.1232,0.28985,0.746,-0.666,-0.012,0.004
0.15,0.1423,0.12595,0.29315,0.746,-0.666,-0.012,0.004
0.2,0.15069,0.12873,0.2963,0.746,-0.666,-0.012,0.004
0.25,0.15901,0.13153,0.29927,0.746,-0.666,-0.012,0.004
0.3,0.16724,0.13435,0.30202,0.746,-0.666,-0.012,0.004
0.35,0.17538,0.13718,0.30453,0.746,-0.666,-0.012,0.004
0.4,0.18343,0.14004,0.30678,0.746,-0.666,-0.012,0.004
0.45,0.1914,0.14293,0.30877,0.746,-0.666,-0.012,0.004
0.5,0.19932,0.14588,0.31049,0.746,-0.666,-0.012,0.004
0.55,0.20718,0.14887,0.31193,0.746,-0.666,-0.012,0.004
0.6,0.215,0.15191,0.31306,0.746,-0.666,-0.012,0.004
0.65,0.22273,0.15497,0.31386,0.746,-0.666,-0.012,0.004
0.7,0.23037,0.15803,0.31428,0.746,-0.666,-0.012,0.004
0.75,0.2379,0.16108,0.31432,0.746,-0.666,-0.012,0.004
0.8,0.24531,0.16411,0.31396,0.746,-0.666,-0.012,0.004
0.85,0.25264,0.16711,0.3132,0.746,-0.666,-0.012,0.004
0.9,0.25989,0.17009,0.31206,0.746,-0.666,-0.012,0.004
0.95,0.2671,0.17304,0.31054,0.746,-0.666,-0.012,0.004
1,0.27427,0.17597,0.30866,0.746,-0.666,-0.012,0.004
1.05,0.28143,0.17885,0.30643,0.746,-0.666,-0.012,0.004
1.1,0.28859,0.18169,0.30385,0.746,-0.666,-0.012,0.004
1.15,0.29576,0.18448,0.30095,0.746,-0.666,-0.012,0.004
1.2,0.30295,0.18722,0.29773,0.746,-0.666,-0.012,0.004
1.25,0.31017,0.1899,0.29419,0.746,-0.666,-0.012,0.004
1.3,0.31743,0.19251,0.29036,0.746,-0.666,-0.012,0.004
1.35,0.32473,0.19506,0.28624,0.746,-0.666,-0.012,0.004
1.4,0.33208,0.19753,0.28185,0.746,-0.666,-0.012,0.004
1.45,0.33949,0.19991,0.27719,0.746,-0.666,-0.012,0.004
1.5,0.34695,0.20221,0.27228,0.746,-0.666,-0.012,0.004
1.55,0.35447,0.20441,0.26712,0.746,-0.666,-0.012,0.004
1.6,0.36204,0.20651,0.26173,0.746,-0.666,-0.012,0.004
1.65,0.36965,0.20849,0.25613,0.746,-0.666,-0.012,0.004
1.7,0.37728,0.21034,0.25032,0.746,-0.666,-0.012,0.004
1.75,0.38494,0.21206,0.24431,0.746,-0.666,-0.012,0.004
1.8,0.3926,0.21364,0.23814,0.746,-0.666,-0.012,0.004
1.85,0.40027,0.21505,0.2318,0.746,-0.666,-0.012,0.004
1.9,0.40793,0.21631,0.22534,0.746,-0.666,-0.012,0.004
1.95,0.41559,0.21739,0.21877,0.746,-0.666,-0.012,0.004
2,0.42326,0.2183,0.21211,0.746,-0.666,-0.012,0.004
2.05,0.43095,0.21904,0.20537,0.746,-0.666,-0.012,0.004
2.1,0.43869,0.21961,0.19858,0.746,-0.666,-0.012,0.004
2.15,0.44648,0.22002,0.19174,0.746,-0.666,-0.012,0.004
2.2,0.45433,0.2203,0.18487,0.746,-0.666,-0.012,0.004
2.25,0.46224,0.22045,0.17798,0.746,-0.666,-0.012,0.004
2.3,0.47023,0.22048,0.17108,0.746,-0.666,-0.012,0.004
2.35,0.47828,0.22041,0.1642,0.746,-0.666,-0.012,0.004
2.4,0.4864,0.22024,0.15734,0.746,-0.666,-0.012,0.004
2.45,0.49457,0.21999,0.15052,0.746,-0.666,-0.012,0.004
2.5,0.50281,0.21965,0.14378,0.746,-0.666,-0.012,0.004
2.55,0.51109,0.21923,0.13711,0.746,-0.666,-0.012,0.004
2.6,0.5194,0.21875,0.13054,0.746,-0.666,-0.012,0.004
2.65,0.52773,0.21821,0.12408,0.746,-0.666,-0.012,0.004
2.7,0.53606,0.21761,0.11775,0.746,-0.666,-0.012,0.004
2.75,0.54436,0.21696,0.11155,0.746,-0.666,-0.012,0.004
2.8,0.55262,0.21628,0.1055,0.746,-0.666,-0.012,0.004
2.85,0.56082,0.21556,0.099614,0.746,-0.666,-0.012,0.004
2.9,0.56895,0.21482,0.093898,0.746,-0.666,-0.012,0.004
2.95,0.57699,0.21406,0.088364,0.746,-0.666,-0.012,0.004
3,0.58491,0.21329,0.083024,0.746,-0.666,-0.012,0.004
3.05,0.59273,0.21252,0.077888,0.746,-0.666,-0.012,0.004
3.1,0.60042,0.21174,0.072966,0.746,-0.666,-0.012,0.004
3.15,0.60797,0.21098,0.068271,0.746,-0.666,-0.012,0.004
3.2,0.61538,0.21022,0.063812,0.746,-0.666,-0.012,0.004
3.25,0.62265,0.20948,0.059598,0.746,-0.666,-0.012,0.004
3.3,0.62977,0.20875,0.055639,0.746,-0.666,-0.012,0.004
3.35,0.63674,0.20805,0.051942,0.746,-0.666,-0.012,0.004
3.4,0.64354,0.20737,0.048512,0.746,-0.666,-0.012,0.004
3.45,0.65019,0.20672,0.045353,0.746,-0.666,-0.012,0.004
3.5,0.65666,0.20611,0.042466,0.746,-0.666,-0.012,0.004
3.55,0.66295,0.20553,0.039851,0.746,-0.666,-0.012,0.004
3.6,0.66904,0.20499,0.037504,0.746,-0.666,-0.012,0.004
3.65,0.67493,0.2045,0.03542,0.746,-0.666,-0.012,0.004
3.7,0.68061,0.20405,0.033592,0.746,-0.666,-0.012,0.004
3.75,0.68606,0.20366,0.032011,0.746,-0.666,-0.012,0.004
3.8,0.69128,0.20332,0.030668,0.746,-0.666,-0.012,0.004
3.85,0.69625,0.20303,0.029551,0.746,-0.666,-0.012,0.004
3.9,0.70098,0.20279,0.028646,0.746,-0.666,-0.012,0.004
3.95,0.70545,0.20261,0.02794,0.746,-0.666,-0.012,0.004
4,0.70967,0.20249,0.027418,0.746,-0.666,-0.012,0.004
4.05,0.71363,0.20241,0.027065,0.746,-0.666,-0.012,0.004
4.1,0.71734,0.2024,0.026866,0.746,-0.666,-0.012,0.004
4.15,0.72079,0.20243,0.026806,0.746,-0.666,-0.012,0.004
4.2,0.72399,0.20251,0.026869,0.746,-0.666,-0.012,0.004
4.25,0.72693,0.20264,0.02704,0.746,-0.666,-0.012,0.004
4.3,0.72962,0.20281,0.027303,0.746,-0.666,-0.012,0.004
4.35,0.73207,0.20302,0.027641,0.746,-0.666,-0.012,0.004
4.4,0.73426,0.20326,0.028037,0.746,-0.666,-0.012,0.004
4.45,0.73621,0.20353,0.028469,0.746,-0.666,-0.012,0.004
4.5,0.73791,0.20382,0.028918,0.746,-0.666,-0.012,0.004
4.55,0.73938,0.20412,0.029367,0.746,-0.666,-0.012,0.004
4.6,0.74061,0.20444,0.029806,0.746,-0.666,-0.012,0.004
4.65,0.74162,0.20476,0.030231,0.746,-0.666,-0.012,0.004
4.7,0.74243,0.20509,0.030645,0.746,-0.666,-0.012,0.004
4.75,0.74304,0.20543,0.031047,0.746,-0.666,-0.012,0.004
4.8,0.74347,0.20578,0.031439,0.746,-0.666,-0.012,0.004
4.85,0.74374,0.20613,0.031819,0.746,-0.666,-0.012,0.004
4.9,0.74387,0.2065,0.032186,0.746,-0.666,-0.012,0.004
4.95,0.74386,0.20687,0.032537,0.746,-0.666,-0.012,0.004
5,0.74372,0.20723,0.032864,0.746,-0.666,-0.012,0.004
