0.05,0.34779,-0.19199,0.59036,0.998,0.065,-0.013,-0.018
0.1,0.35694,-0.19891,0.58553,0.998,0.065,-0.013,-0.018
0.15,0.36627,-0.20611,0.5806,0.998,0.065,-0.013,-0.018
0.2,0.3758,-0.2136,0.57554,0.998,0.065,-0.013,-0.018
0.25,0.38555,-0.22142,0.5703,0.998,0.065,-0.013,-0.018
0.3,0.39552,-0.22956,0.56482,0.998,0.065,-0.013,-0.018
0.35,0.40572,-0.23806,0.55903,0.998,0.065,-0.013,-0.018
0.4,0.41615,-0.24691,0.55284,0.998,0.065,-0.013,-0.018
0.45,0.4268,-0.25612,0.54617,0.998,0.065,-0.013,-0.018
0.5,0.43764,-0.26568,0.53895,0.998,0.065,-0.013,-0.018
0.55,0.44861,-0.27553,0.53111,0.998,0.065,-0.013,-0.018
0.6,0.45964,-0.28561,0.52262,0.998,0.065,-0.013,-0.018
0.65,0.47062,-0.29582,0.51349,0.998,0.065,-0.013,-0.018
0.7,0.48147,-0.30604,0.5038,0.998,0.065,-0.013,-0.018
0.75,0.49211,-0.31619,0.49362,0.998,0.065,-0.013,-0.018
0.8,0.5025,-0.32618,0.48306,0.998,0.065,-0.013,-0.018
0.85,0.5126,-0.33596,0.4722,0.998,0.065,-0.013,-0.018
0.9,0.5224,-0.34546,0.46111,0.998,0.065,-0.013,-0.018
0.95,0.53188,-0.35465,0.44988,0.998,0.065,-0.013,-0.018
1,0.54103,-0.36347,0.43857,0.998,0.065,-0.013,-0.018
1.05,0.54985,-0.3719,0.42726,0.998,0.065,-0.013,-0.018
1.1,0.55833,-0.37987,0.41601,0.998,0.065,-0.013,-0.018
1.15,0.56646,-0.38736,0.40489,0.998,0.065,-0.013,-0.018
1.2,0.57425,-0.39432,0.39395,0.998,0.065,-0.013,-0.018
1.25,0.5817,-0.40072,0.38326,0.998,0.065,-0.013,-0.018
1.3,0.58881,-0.40652,0.37286,0.998,0.065,-0.013,-0.018
1.35,0.59559,-0.4117,0.3628,0.998,0.065,-0.013,-0.018
1.4,0.60206,-0.41623,0.35312,0.998,0.065,-0.013,-0.018
1.45,0.60822,-0.42009,0.34385,0.998,0.065,-0.013,-0.018
1.5,0.6141,-0.42327,0.33502,0.998,0.065,-0.013,-0.018
1.55,0.61973,-0.42576,0.32665,0.998,0.065,-0.013,-0.018
1.6,0.62513,-0.42757,0.31874,0.998,0.065,-0.013,-0.018
1.65,0.63032,-0.42871,0.3113,0.998,0.065,-0.013,-0.018
1.7,0.63533,-0.4292,0.30433,0.998,0.065,-0.013,-0.018
1.75,0.6402,-0.42906,0.2978,0.998,0.065,-0.013,-0.018
1.8,0.64493,-0.42833,0.29171,0.998,0.065,-0.013,-0.018
1.85,0.64956,-0.42704,0.28603,0.998,0.065,-0.013,-0.018
1.9,0.65409,-0.42523,0.28075,0.998,0.065,-0.013,-0.018
1.95,0.65855,-0.42295,0.27584,0.998,0.065,-0.013,-0.018
2,0.66294,-0.42023,0.27128,0.998,0.065,-0.013,-0.018
2.05,0.66726,-0.4171,0.26705,0.998,0.065,-0.013,-0.018
2.1,0.67152,-0.41361,0.26314,0.998,0.065,-0.013,-0.018
2.15,0.67573,-0.4098,0.25952,0.998,0.065,-0.013,-0.018
2.2,0.67988,-0.40569,0.25618,0.998,0.065,-0.013,-0.018
2.25,0.68396,-0.40131,0.2531,0.998,0.065,-0.013,-0.018
2.3,0.68799,-0.39671,0.25028,0.998,0.065,-0.013,-0.018
2.35,0.69196,-0.39191,0.24769,0.998,0.065,-0.013,-0.018
2.4,0.69585,-0.38694,0.24533,0.998,0.065,-0.013,-0.018
2.45,0.69968,-0.38182,0.24318,0.998,0.065,-0.013,-0.018
2.5,0.70344,-0.3766,0.24125,0.998,0.065,-0.013,-0.018
2.55,0.70711,-0.37129,0.23952,0.998,0.065,-0.013,-0.018
2.6,0.71071,-0.36592,0.23798,0.998,0.065,-0.013,-0.018
2.65,0.71423,-0.36053,0.23664,0.998,0.065,-0.013,-0.018
2.7,0.71767,-0.35514,0.23549,0.998,0.065,-0.013,-0.018
2.75,0.72103,-0.34978,0.23453,0.998,0.065,-0.013,-0.018
2.8,0.7243,-0.34448,0.23376,0.998,0.065,-0.013,-0.018
2.85,0.72751,-0.33926,0.2332,0.998,0.065,-0.013,-0.018
2.9,0.73064,-0.33417,0.23284,0.998,0.065,-0.013,-0.018
2.95,0.73371,-0.32921,0.23271,0.998,0.065,-0.013,-0.018
3,0.73673,-0.32443,0.23282,0.998,0.065,-0.013,-0.018
3.05,0.7397,-0.31983,0.23319,0.998,0.065,-0.013,-0.018
3.1,0.74266,-0.31546,0.23384,0.998,0.065,-0.013,-0.018
3.15,0.74561,-0.31131,0.2348,0.998,0.065,-0.013,-0.018
3.2,0.74856,-0.30741,0.23609,0.998,0.065,-0.013,-0.018
3.25,0.75154,-0.30376,0.23774,0.998,0.065,-0.013,-0.018
3.3,0.75455,-0.30037,0.23975,0.998,0.065,-0.013,-0.018
3.35,0.75761,-0.29722,0.24214,0.998,0.065,-0.013,-0.018
3.4,0.76074,-0.29432,0.24491,0.998,0.065,-0.013,-0.018
3.45,0.76393,-0.29165,0.24806,0.998,0.065,-0.013,-0.018
3.5,0.76718,-0.28919,0.25157,0.998,0.065,-0.013,-0.018
3.55,0.7705,-0.28692,0.25542,0.998,0.065,-0.013,-0.018
3.6,0.77388,-0.28483,0.25957,0.998,0.065,-0.013,-0.018
3.65,0.77731,-0.28288,0.26399,0.998,0.065,-0.013,-0.018
3.7,0.78079,-0.28106,0.26862,0.998,0.065,-0.013,-0.018
3.75,0.7843,-0.27935,0.27343,0.998,0.065,-0.013,-0.018
3.8,0.78783,-0.27772,0.27836,0.998,0.065,-0.013,-0.018
3.85,0.79136,-0.27615,0.28336,0.998,0.065,-0.013,-0.018
3.9,0.79488,-0.27461,0.28836,0.998,0.065,-0.013,-0.018
3.95,0.79838,-0.2731,0.29332,0.998,0.065,-0.013,-0.018
4,0.80184,-0.27158,0.29816,0.998,0.065,-0.013,-0.018
4.05,0.80523,-0.27004,0.30284,0.998,0.065,-0.013,-0.018
4.1,0.80855,-0.26846,0.30728,0.998,0.065,-0.013,-0.018
4.15,0.81177,-0.26682,0.31144,0.998,0.065,-0.013,-0.018
4.2,0.81488,-0.26509,0.31524,0.998,0.065,-0.013,-0.018
4.25,0.81785,-0.26326,0.31864,0.998,0.065,-0.013,-0.018
4.3,0.82067,-0.2613,0.32159,0.998,0.065,-0.013,-0.018
4.35,0.82331,-0.25918,0.32406,0.998,0.065,-0.013,-0.018
4.4,0.82575,-0.25687,0.32603,0.998,0.065,-0.013,-0.018
4.45,0.82797,-0.25433,0.32754,0.998,0.065,-0.013,-0.018
4.5,0.82997,-0.25156,0.32862,0.998,0.065,-0.013,-0.018
4.55,0.83173,-0.24856,0.32931,0.998,0.065,-0.013,-0.018
4.6,0.83327,-0.24535,0.32966,0.998,0.065,-0.013,-0.018
4.65,0.83459,-0.24195,0.3297,0.998,0.065,-0.013,-0.018
4.7,0.83571,-0.2384,0.32944,0.998,0.065,-0.013,-0.018
4.75,0.83664,-0.23476,0.32891,0.998,0.065,-0.013,-0.018
4.8,0.8374,-0.23104,0.3281,0.998,0.065,-0.013,-0.018
4.85,0.838,-0.22731,0.327,0.998,0.065,-0.013,-0.018
4.9,0.83846,-0.2236,0.32561,0.998,0.065,-0.013,-0.018
4.95,0.83878,-0.21995,0.3239,0.998,0.065,-0.013,-0.018
5,0.83899,-0.21639,0.32183,0.998,0.065,-0.013,-0.018
