0.05,0.50669,-0.11347,0.42475,0.998,0.065,-0.013,-0.018
0.1,0.50942,-0.12331,0.42662,0.998,0.065,-0.013,-0.018
0.15,0.51235,-0.13342,0.42839,0.998,0.065,-0.013,-0.018
0.2,0.51549,-0.14382,0.43001,0.998,0.065,-0.013,-0.018
0.25,0.51887,-0.15452,0.43142,0.998,0.065,-0.013,-0.018
0.3,0.52252,-0.16554,0.43256,0.998,0.065,-0.013,-0.018
0.35,0.52643,-0.1769,0.43333,0.998,0.065,-0.013,-0.018
0.4,0.53063,-0.18859,0.43365,0.998,0.065,-0.013,-0.018
0.45,0.5351,-0.20062,0.43345,0.998,0.065,-0.013,-0.018
0.5,0.5398,-0.21296,0.43263,0.998,0.065,-0.013,-0.018
0.55,0.54469,-0.22559,0.43114,0.998,0.065,-0.013,-0.018
0.6,0.54969,-0.23842,0.42894,0.998,0.065,-0.013,-0.018
0.65,0.55471,-0.25134,0.42603,0.998,0.065,-0.013,-0.018
0.7,0.55969,-0.26425,0.42245,0.998,0.065,-0.013,-0.018
0.75,0.56458,-0.27703,0.41827,0.998,0.065,-0.013,-0.018
0.8,0.56935,-0.2896,0.41356,0.998,0.065,-0.013,-0.018
0.85,0.57398,-0.30189,0.40839,0.998,0.065,-0.013,-0.018
0.9,0.57846,-0.31384,0.40283,0.998,0.065,-0.013,-0.018
0.95,0.58279,-0.3254,0.39695,0.998,0.065,-0.013,-0.018
1,0.58697,-0.33652,0.3908,0.998,0.065,-0.013,-0.018
1.05,0.59099,-0.34717,0.38446,0.998,0.065,-0.013,-0.018
1.1,0.59485,-0.35729,0.37798,0.998,0.065,-0.013,-0.018
1.15,0.59856,-0.36685,0.37143,0.998,0.065,-0.013,-0.018
1.2,0.6021,-0.3758,0.36486,0.998,0.065,-0.013,-0.018
1.25,0.60549,-0.38411,0.35834,0.998,0.065,-0.013,-0.018
1.3,0.60873,-0.39175,0.35191,0.998,0.065,-0.013,-0.018
1.35,0.61182,-0.39868,0.34564,0.998,0.065,-0.013,-0.018
1.4,0.61476,-0.40489,0.33954,0.998,0.065,-0.013,-0.018
1.45,0.61759,-0.41036,0.33368,0.998,0.065,-0.013,-0.018
1.5,0.6203,-0.41507,0.32807,0.998,0.065,-0.013,-0.018
1.55,0.62293,-0.41903,0.32273,0.998,0.065,-0.013,-0.018
1.6,0.62549,-0.42222,0.31766,0.998,0.065,-0.013,-0.018
1.65,0.62804,-0.42467,0.31287,0.998,0.065,-0.013,-0.018
1.7,0.6306,-0.42639,0.30834,0.998,0.065,-0.013,-0.018
1.75,0.63319,-0.4274,0.30406,0.998,0.065,-0.013,-0.018
1.8,0.63586,-0.42773,0.29999,0.998,0.065,-0.013,-0.018
1.85,0.63863,-0.42741,0.29612,0.998,0.065,-0.013,-0.018
1.9,0.64151,-0.42649,0.29241,0.998,0.065,-0.013,-0.018
1.95,0.64454,-0.42499,0.28884,0.998,0.065,-0.013,-0.018
2,0.64772,-0.42296,0.28539,0.998,0.065,-0.013,-0.018
2.05,0.65106,-0.42043,0.28204,0.998,0.065,-0.013,-0.018
2.1,0.65455,-0.41745,0.27877,0.998,0.065,-0.013,-0.018
2.15,0.65819,-0.41404,0.27558,0.998,0.065,-0.013,-0.018
2.2,0.66197,-0.41026,0.27247,0.998,0.065,-0.013,-0.018
2.25,0.66588,-0.40613,0.26942,0.998,0.065,-0.013,-0.018
2.3,0.6699,-0.4017,0.26644,0.998,0.065,-0.013,-0.018
2.35,0.67403,-0.39699,0.26353,0.998,0.065,-0.013,-0.018
2.4,0.67824,-0.39205,0.2607,0.998,0.065,-0.013,-0.018
2.45,0.68251,-0.3869,0.25795,0.998,0.065,-0.013,-0.018
2.5,0.68684,-0.38159,0.25529,0.998,0.065,-0.013,-0.018
2.55,0.6912,-0.37614,0.25272,0.998,0.065,-0.013,-0.018
2.6,0.69558,-0.3706,0.25027,0.998,0.065,-0.013,-0.018
2.65,0.69997,-0.36499,0.24793,0.998,0.065,-0.013,-0.018
2.7,0.70433,-0.35935,0.24572,0.998,0.065,-0.013,-0.018
2.75,0.70867,-0.35372,0.24367,0.998,0.065,-0.013,-0.018
2.8,0.71298,-0.34812,0.24178,0.998,0.065,-0.013,-0.018
2.85,0.71723,-0.3426,0.24008,0.998,0.065,-0.013,-0.018
2.9,0.72143,-0.33718,0.2386,0.998,0.065,-0.013,-0.018
2.95,0.72557,-0.33191,0.23735,0.998,0.065,-0.013,-0.018
3,0.72964,-0.3268,0.23637,0.998,0.065,-0.013,-0.018
3.05,0.73366,-0.3219,0.23569,0.998,0.065,-0.013,-0.018
3.1,0.73763,-0.31722,0.23534,0.998,0.065,-0.013,-0.018
3.15,0.74156,-0.31278,0.23535,0.998,0.065,-0.013,-0.018
3.2,0.74545,-0.3086,0.23575,0.998,0.065,-0.013,-0.018
3.25,0.74933,-0.30469,0.23656,0.998,0.065,-0.013,-0.018
3.3,0.75319,-0.30105,0.2378,0.998,0.065,-0.013,-0.018
3.35,0.75706,-0.29768,0.23948,0.998,0.065,-0.013,-0.018
3.4,0.76095,-0.29457,0.24161,0.998,0.065,-0.013,-0.018
3.45,0.76485,-0.2917,0.24418,0.998,0.065,-0.013,-0.018
3.5,0.76877,-0.28907,0.24717,0.998,0.065,-0.013,-0.018
3.55,0.77272,-0.28664,0.25055,0.998,0.065,-0.013,-0.018
3.6,0.77668,-0.28441,0.25431,0.998,0.065,-0.013,-0.018
3.65,0.78064,-0.28234,0.2584,0.998,0.065,-0.013,-0.018
3.7,0.7846,-0.28042,0.26278,0.998,0.065,-0.013,-0.018
3.75,0.78854,-0.27863,0.2674,0.998,0.065,-0.013,-0.018
3.8,0.79244,-0.27693,0.2722,0.998,0.065,-0.013,-0.018
3.85,0.79631,-0.27532,0.27715,0.998,0.065,-0.013,-0.018
3.9,0.80011,-0.27376,0.28216,0.998,0.065,-0.013,-0.018
3.95,0.80384,-0.27224,0.2872,0.998,0.065,-0.013,-0.018
4,0.80747,-0.27073,0.29219,0.998,0.065,-0.013,-0.018
4.05,0.811,-0.26922,0.29708,0.998,0.065,-0.013,-0.018
4.1,0.81441,-0.26769,0.3018,0.998,0.065,-0.013,-0.018
4.15,0.81768,-0.26611,0.30628,0.998,0.065,-0.013,-0.018
4.2,0.8208,-0.26446,0.31048,0.998,0.065,-0.013,-0.018
4.25,0.82374,-0.26273,0.31431,0.998,0.065,-0.013,-0.018
4.3,0.82649,-0.26087,0.31775,0.998,0.065,-0.013,-0.018
4.35,0.82904,-0.25887,0.32074,0.998,0.065,-0.013,-0.018
4.4,0.83137,-0.25668,0.32327,0.998,0.065,-0.013,-0.018
4.45,0.83346,-0.25428,0.32536,0.998,0.065,-0.013,-0.018
4.5,0.83531,-0.25165,0.32703,0.998,0.065,-0.013,-0.018
4.55,0.83692,-0.24879,0.32834,0.998,0.065,-0.013,-0.018
4.6,0.83828,-0.24572,0.32933,0.998,0.065,-0.013,-0.018
4.65,0.83942,-0.24248,0.33002,0.998,0.065,-0.013,-0.018
4.7,0.84034,-0.23909,0.33043,0.998,0.065,-0.013,-0.018
4.75,0.84106,-0.23561,0.33059,0.998,0.065,-0.013,-0.018
4.8,0.84159,-0.23206,0.33047,0.998,0.065,-0.013,-0.018
4.85,0.84197,-0.2285,0.33009,0.998,0.065,-0.013,-0.018
4.9,0.84219,-0.22496,0.32941,0.998,0.065,-0.013,-0.018
4.95,0.84228,-0.22148,0.32843,0.998,0.065,-0.013,-0.018
5,0.84224,-0.2181,0.32709,0.998,0.065,-0.013,-0.018
