0.05,0.5098,-0.10153,0.41795,0.998,0.065,-0.013,-0.018
0.1,0.51249,-0.11168,0.4199,0.998,0.065,-0.013,-0.018
0.15,0.51537,-0.1221,0.42174,0.998,0.065,-0.013,-0.018
0.2,0.51847,-0.13282,0.42344,0.998,0.065,-0.013,-0.018
0.25,0.52182,-0.14383,0.42493,0.998,0.065,-0.013,-0.018
0.3,0.52542,-0.15517,0.42614,0.998,0.065,-0.013,-0.018
0.35,0.52929,-0.16683,0.427,0.998,0.065,-0.013,-0.018
0.4,0.53345,-0.17883,0.4274,0.998,0.065,-0.013,-0.018
0.45,0.53787,-0.19117,0.42728,0.998,0.065,-0.013,-0.018
0.5,0.54252,-0.20382,0.42654,0.998,0.065,-0.013,-0.018
0.55,0.54737,-0.21675,0.42513,0.998,0.065,-0.013,-0.018
0.6,0.55232,-0.22988,0.42301,0.998,0.065,-0.013,-0.018
0.65,0.5573,-0.24311,0.42018,0.998,0.065,-0.013,-0.018
0.7,0.56223,-0.25632,0.41669,0.998,0.065,-0.013,-0.018
0.75,0.56707,-0.2694,0.4126,0.998,0.065,-0.013,-0.018
0.8,0.57178,-0.28226,0.40797,0.998,0.065,-0.013,-0.018
0.85,0.57635,-0.29483,0.40289,0.998,0.065,-0.013,-0.018
0.9,0.58078,-0.30706,0.39742,0.998,0.065,-0.013,-0.018
0.95,0.58505,-0.3189,0.39163,0.998,0.065,-0.013,-0.018
1,0.58916,-0.3303,0.38557,0.998,0.065,-0.013,-0.018
1.05,0.59312,-0.34121,0.37933,0.998,0.065,-0.013,-0.018
1.1,0.59692,-0.3516,0.37295,0.998,0.065,-0.013,-0.018
1.15,0.60055,-0.36141,0.3665,0.998,0.065,-0.013,-0.018
1.2,0.60403,-0.37061,0.36003,0.998,0.065,-0.013,-0.018
1.25,0.60734,-0.37917,0.35362,0.998,0.065,-0.013,-0.018
1.3,0.6105,-0.38705,0.3473,0.998,0.065,-0.013,-0.018
1.35,0.6135,-0.39422,0.34113,0.998,0.065,-0.013,-0.018
1.4,0.61637,-0.40066,0.33515,0.998,0.065,-0.013,-0.018
1.45,0.61911,-0.40635,0.3294,0.998,0.065,-0.013,-0.018
1.5,0.62173,-0.41128,0.3239,0.998,0.065,-0.013,-0.018
1.55,0.62427,-0.41545,0.31868,0.998,0.065,-0.013,-0.018
1.6,0.62674,-0.41886,0.31373,0.998,0.065,-0.013,-0.018
1.65,0.6292,-0.42151,0.30907,0.998,0.065,-0.013,-0.018
1.7,0.63165,-0.42343,0.30466,0.998,0.065,-0.013,-0.018
1.75,0.63415,-0.42463,0.3005,0.998,0.065,-0.013,-0.018
1.8,0.63671,-0.42515,0.29656,0.998,0.065,-0.013,-0.018
1.85,0.63937,-0.42501,0.29282,0.998,0.065,-0.013,-0.018
1.9,0.64215,-0.42426,0.28924,0.998,0.065,-0.013,-0.018
1.95,0.64507,-0.42293,0.2858,0.998,0.065,-0.013,-0.018
2,0.64814,-0.42106,0.28248,0.998,0.065,-0.013,-0.018
2.05,0.65136,-0.41869,0.27925,0.998,0.065,-0.013,-0.018
2.1,0.65474,-0.41585,0.27612,0.998,0.065,-0.013,-0.018
2.15,0.65827,-0.41258,0.27306,0.998,0.065,-0.013,-0.018
2.2,0.66194,-0.40893,0.27007,0.998,0.065,-0.013,-0.018
2.25,0.66573,-0.40493,0.26714,0.998,0.065,-0.013,-0.018
2.3,0.66965,-0.40061,0.26429,0.998,0.065,-0.013,-0.018
2.35,0.67366,-0.39602,0.2615,0.998,0.065,-0.013,-0.018
2.4,0.67776,-0.39118,0.25878,0.998,0.065,-0.013,-0.018
2.45,0.68193,-0.38613,0.25614,0.998,0.065,-0.013,-0.018
2.5,0.68616,-0.38091,0.25358,0.998,0.065,-0.013,-0.018
2.55,0.69042,-0.37555,0.25111,0.998,0.065,-0.013,-0.018
2.6,0.6947,-0.37009,0.24874,0.998,0.065,-0.013,-0.018
2.65,0.69899,-0.36456,0.24649,0.998,0.065,-0.013,-0.018
2.7,0.70327,-0.359,0.24436,0.998,0.065,-0.013,-0.018
2.75,0.70753,-0.35343,0.24238,0.998,0.065,-0.013,-0.018
2.8,0.71175,-0.3479,0.24055,0.998,0.065,-0.013,-0.018
2.85,0.71593,-0.34244,0.23891,0.998,0.065,-0.013,-0.018
2.9,0.72006,-0.33709,0.23747,0.998,0.065,-0.013,-0.018
2.95,0.72414,-0.33187,0.23626,0.998,0.065,-0.013,-0.018
3,0.72816,-0.32682,0.23531,0.998,0.065,-0.013,-0.018
3.05,0.73212,-0.32197,0.23465,0.998,0.065,-0.013,-0.018
3.1,0.73605,-0.31734,0.23431,0.998,0.065,-0.013,-0.018
3.15,0.73994,-0.31295,0.23432,0.998,0.065,-0.013,-0.018
3.2,0.7438,-0.30882,0.23471,0.998,0.065,-0.013,-0.018
3.25,0.74764,-0.30495,0.23551,0.998,0.065,-0.013,-0.018
3.3,0.75148,-0.30136,0.23673,0.998,0.065,-0.013,-0.018
3.35,0.75533,-0.29804,0.23839,0.998,0.065,-0.013,-0.018
3.4,0.7592,-0.29497,0.24048,0.998,0.065,-0.013,-0.018
3.45,0.7631,-0.29215,0.24301,0.998,0.065,-0.013,-0.018
3.5,0.76702,-0.28956,0.24595,0.998,0.065,-0.013,-0.018
3.55,0.77096,-0.28718,0.24928,0.998,0.065,-0.013,-0.018
3.6,0.77493,-0.28499,0.25298,0.998,0.065,-0.013,-0.018
3.65,0.7789,-0.28297,0.257,0.998,0.065,-0.013,-0.018
3.7,0.78287,-0.28109,0.2613,0.998,0.065,-0.013,-0.018
3.75,0.78683,-0.27934,0.26583,0.998,0.065,-0.013,-0.018
3.8,0.79077,-0.27768,0.27055,0.998,0.065,-0.013,-0.018
3.85,0.79466,-0.27611,0.27539,0.998,0.065,-0.013,-0.018
3.9,0.7985,-0.27459,0.2803,0.998,0.065,-0.013,-0.018
3.95,0.80228,-0.27311,0.28523,0.998,0.065,-0.013,-0.018
4,0.80596,-0.27164,0.2901,0.998,0.065,-0.013,-0.018
4.05,0.80954,-0.27017,0.29485,0.998,0.065,-0.013,-0.018
4.1,0.81301,-0.26867,0.29944,0.998,0.065,-0.013,-0.018
4.15,0.81634,-0.26713,0.30378,0.998,0.065,-0.013,-0.018
4.2,0.81952,-0.26552,0.30782,0.998,0.065,-0.013,-0.018
4.25,0.82254,-0.26382,0.31151,0.998,0.065,-0.013,-0.018
4.3,0.82537,-0.262,0.31478,0.998,0.065,-0.013,-0.018
4.35,0.82799,-0.26004,0.31761,0.998,0.065,-0.013,-0.018
4.4,0.8304,-0.25788,0.31998,0.998,0.065,-0.013,-0.018
4.45,0.83258,-0.25551,0.32189,0.998,0.065,-0.013,-0.018
4.5,0.83451,-0.25292,0.3234,0.998,0.065,-0.013,-0.018
4.55,0.8362,-0.25009,0.32453,0.998,0.065,-0.013,-0.018
4.6,0.83765,-0.24706,0.32534,0.998,0.065,-0.013,-0.018
4.65,0.83887,-0.24385,0.32585,0.998,0.065,-0.013,-0.018
4.7,0.83988,-0.2405,0.32609,0.998,0.065,-0.013,-0.018
4.75,0.84069,-0.23704,0.32606,0.998,0.065,-0.013,-0.018
4.8,0.84132,-0.23353,0.32576,0.998,0.065,-0.013,-0.018
4.85,0.84179,-0.23,0.32519,0.998,0.065,-0.013,-0.018
4.9,0.8421,-0.2265,0.32434,0.998,0.065,-0.013,-0.018
4.95,0.84229,-0.22305,0.32316,0.998,0.065,-0.013,-0.018
5,0.84234,-0.2197,0.32164,0.998,0.065,-0.013,-0.018
