0.05,0.34466,-0.18591,0.57903,0.998,0.065,-0.013,-0.018
0.1,0.35387,-0.19368,0.57477,0.998,0.065,-0.013,-0.018
0.15,0.36326,-0.20173,0.57042,0.998,0.065,-0.013,-0.018
0.2,0.37285,-0.21007,0.56594,0.998,0.065,-0.013,-0.018
0.25,0.38265,-0.21871,0.56127,0.998,0.065,-0.013,-0.018
0.3,0.39267,-0.22767,0.55636,0.998,0.065,-0.013,-0.018
0.35,0.40292,-0.23697,0.55113,0.998,0.065,-0.013,-0.018
0.4,0.4134,-0.2466,0.5455,0.998,0.065,-0.013,-0.018
0.45,0.42409,-0.25657,0.53938,0.998,0.065,-0.013,-0.018
0.5,0.43496,-0.26687,0.5327,0.998,0.065,-0.013,-0.018
0.55,0.44595,-0.27744,0.52539,0.998,0.065,-0.013,-0.018
0.6,0.457,-0.28822,0.51742,0.998,0.065,-0.013,-0.018
0.65,0.468,-0.2991,0.50881,0.998,0.065,-0.013,-0.018
0.7,0.47885,-0.30996,0.49962,0.998,0.065,-0.013,-0.018
0.75,0.48948,-0.3207,0.48993,0.998,0.065,-0.013,-0.018
0.8,0.49984,-0.33123,0.47983,0.998,0.065,-0.013,-0.018
0.85,0.5099,-0.34149,0.46941,0.998,0.065,-0.013,-0.018
0.9,0.51963,-0.35141,0.45875,0.998,0.065,-0.013,-0.018
0.95,0.52903,-0.36095,0.44792,0.998,0.065,-0.013,-0.018
1,0.53809,-0.37006,0.43699,0.998,0.065,-0.013,-0.018
1.05,0.54679,-0.3787,0.42602,0.998,0.065,-0.013,-0.018
1.1,0.55513,-0.38682,0.4151,0.998,0.065,-0.013,-0.018
1.15,0.5631,-0.39438,0.40427,0.998,0.065,-0.013,-0.018
1.2,0.57071,-0.40134,0.3936,0.998,0.065,-0.013,-0.018
1.25,0.57796,-0.40766,0.38315,0.998,0.065,-0.013,-0.018
1.3,0.58484,-0.41332,0.37297,0.998,0.065,-0.013,-0.018
1.35,0.59138,-0.41828,0.3631,0.998,0.065,-0.013,-0.018
1.4,0.59758,-0.42252,0.35359,0.998,0.065,-0.013,-0.018
1.45,0.60347,-0.42602,0.34447,0.998,0.065,-0.013,-0.018
1.5,0.60905,-0.42878,0.33575,0.998,0.065,-0.013,-0.018
1.55,0.61436,-0.43079,0.32747,0.998,0.065,-0.013,-0.018
1.6,0.61941,-0.43204,0.31963,0.998,0.065,-0.013,-0.018
1.65,0.62425,-0.43255,0.31223,0.998,0.065,-0.013,-0.018
1.7,0.62888,-0.43234,0.30527,0.998,0.065,-0.013,-0.018
1.75,0.63335,-0.43144,0.29874,0.998,0.065,-0.013,-0.018
1.8,0.63768,-0.42989,0.2926,0.998,0.065,-0.013,-0.018
1.85,0.64188,-0.42772,0.28686,0.998,0.065,-0.013,-0.018
1.9,0.64599,-0.42498,0.28149,0.998,0.065,-0.013,-0.018
1.95,0.65001,-0.42173,0.27646,0.998,0.065,-0.013,-0.018
2,0.65396,-0.41799,0.27176,0.998,0.065,-0.013,-0.018
2.05,0.65785,-0.41384,0.26736,0.998,0.065,-0.013,-0.018
2.1,0.66169,-0.40931,0.26326,0.998,0.065,-0.013,-0.018
2.15,0.66549,-0.40445,0.25943,0.998,0.065,-0.013,-0.018
2.2,0.66926,-0.39932,0.25586,0.998,0.065,-0.013,-0.018
2.25,0.67299,-0.39395,0.25254,0.998,0.065,-0.013,-0.018
2.3,0.67669,-0.3884,0.24946,0.998,0.065,-0.013,-0.018
2.35,0.68037,-0.3827,0.24661,0.998,0.065,-0.013,-0.018
2.4,0.68402,-0.37691,0.24398,0.998,0.065,-0.013,-0.018
2.45,0.68765,-0.37107,0.24157,0.998,0.065,-0.013,-0.018
2.5,0.69126,-0.36521,0.23936,0.998,0.065,-0.013,-0.018
2.55,0.69486,-0.35939,0.23736,0.998,0.065,-0.013,-0.018
2.6,0.69844,-0.35364,0.23557,0.998,0.065,-0.013,-0.018
2.65,0.70202,-0.348,0.23397,0.998,0.065,-0.013,-0.018
2.7,0.70558,-0.34252,0.23258,0.998,0.065,-0.013,-0.018
2.75,0.70914,-0.33723,0.23139,0.998,0.065,-0.013,-0.018
2.8,0.71271,-0.33217,0.23042,0.998,0.065,-0.013,-0.018
2.85,0.71628,-0.32739,0.22966,0.998,0.065,-0.013,-0.018
2.9,0.71988,-0.3229,0.22914,0.998,0.065,-0.013,-0.018
2.95,0.72349,-0.31876,0.22886,0.998,0.065,-0.013,-0.018
3,0.72715,-0.31497,0.22884,0.998,0.065,-0.013,-0.018
3.05,0.73085,-0.31157,0.22911,0.998,0.065,-0.013,-0.018
3.1,0.73461,-0.30857,0.2297,0.998,0.065,-0.013,-0.018
3.15,0.73844,-0.30599,0.23061,0.998,0.065,-0.013,-0.018
3.2,0.74236,-0.30383,0.23188,0.998,0.065,-0.013,-0.018
3.25,0.74637,-0.30209,0.23353,0.998,0.065,-0.013,-0.018
3.3,0.7505,-0.30077,0.23557,0.998,0.065,-0.013,-0.018
3.35,0.75475,-0.29987,0.23801,0.998,0.065,-0.013,-0.018
3.4,0.75913,-0.29937,0.24085,0.998,0.065,-0.013,-0.018
3.45,0.76364,-0.29926,0.2441,0.998,0.065,-0.013,-0.018
3.5,0.76828,-0.29951,0.24774,0.998,0.065,-0.013,-0.018
3.55,0.77307,-0.30012,0.25173,0.998,0.065,-0.013,-0.018
3.6,0.77798,-0.30107,0.25605,0.998,0.065,-0.013,-0.018
3.65,0.78303,-0.30235,0.26066,0.998,0.065,-0.013,-0.018
3.7,0.7882,-0.30392,0.26552,0.998,0.065,-0.013,-0.018
3.75,0.79347,-0.30578,0.27058,0.998,0.065,-0.013,-0.018
3.8,0.79885,-0.30789,0.27579,0.998,0.065,-0.013,-0.018
3.85,0.80431,-0.31025,0.28109,0.998,0.065,-0.013,-0.018
3.9,0.80983,-0.31282,0.28642,0.998,0.065,-0.013,-0.018
3.95,0.81541,-0.31558,0.29173,0.998,0.065,-0.013,-0.018
4,0.82101,-0.3185,0.29695,0.998,0.065,-0.013,-0.018
4.05,0.82663,-0.32157,0.30203,0.998,0.065,-0.013,-0.018
4.1,0.83224,-0.32476,0.3069,0.998,0.065,-0.013,-0.018
4.15,0.83783,-0.32804,0.3115,0.998,0.065,-0.013,-0.018
4.2,0.84336,-0.33138,0.31578,0.998,0.065,-0.013,-0.018
4.25,0.84882,-0.33475,0.31967,0.998,0.065,-0.013,-0.018
4.3,0.85417,-0.33811,0.32312,0.998,0.065,-0.013,-0.018
4.35,0.85939,-0.3414,0.32611,0.998,0.065,-0.013,-0.018
4.4,0.86445,-0.34459,0.32863,0.998,0.065,-0.013,-0.018
4.45,0.86932,-0.34761,0.33068,0.998,0.065,-0.013,-0.018
4.5,0.87398,-0.35045,0.33231,0.998,0.065,-0.013,-0.018
4.55,0.87843,-0.35311,0.33356,0.998,0.065,-0.013,-0.018
4.6,0.88267,-0.3556,0.33447,0.998,0.065,-0.013,-0.018
4.65,0.88672,-0.35795,0.33508,0.998,0.065,-0.013,-0.018
4.7,0.89059,-0.36021,0.3354,0.998,0.065,-0.013,-0.018
4.75,0.89428,-0.36239,0.33545,0.998,0.065,-0.013,-0.018
4.8,0.89782,-0.36455,0.33523,0.998,0.065,-0.013,-0.018
4.85,0.90121,-0.36672,0.33473,0.998,0.065,-0.013,-0.018
4.9,0.90447,-0.36893,0.33393,0.998,0.065,-0.013,-0.018
4.95,0.90761,-0.37122,0.33282,0.998,0.065,-0.013,-0.018
5,0.91062,-0.3736,0.33135,0.998,0.065,-0.013,-0.018
