0.05,0.5059,-0.10007,0.41557,0.998,0.065,-0.013,-0.018
0.1,0.50894,-0.11084,0.41781,0.998,0.065,-0.013,-0.018
0.15,0.51216,-0.12188,0.41995,0.998,0.065,-0.013,-0.018
0.2,0.51559,-0.1332,0.42194,0.998,0.065,-0.013,-0.018
0.25,0.51926,-0.14482,0.42373,0.998,0.065,-0.013,-0.018
0.3,0.52319,-0.15674,0.42523,0.998,0.065,-0.013,-0.018
0.35,0.52738,-0.16898,0.42636,0.998,0.065,-0.013,-0.018
0.4,0.53185,-0.18153,0.42704,0.998,0.065,-0.013,-0.018
0.45,0.53657,-0.19441,0.42719,0.998,0.065,-0.013,-0.018
0.5,0.54153,-0.20758,0.42673,0.998,0.065,-0.013,-0.018
0.55,0.54666,-0.22101,0.42558,0.998,0.065,-0.013,-0.018
0.6,0.55189,-0.23463,0.42372,0.998,0.065,-0.013,-0.018
0.65,0.55713,-0.24831,0.42114,0.998,0.065,-0.013,-0.018
0.7,0.56232,-0.26194,0.41789,0.998,0.065,-0.013,-0.018
0.75,0.56739,-0.2754,0.41403,0.998,0.065,-0.013,-0.018
0.8,0.57232,-0.2886,0.40963,0.998,0.065,-0.013,-0.018
0.85,0.57709,-0.30146,0.40475,0.998,0.065,-0.013,-0.018
0.9,0.58168,-0.31393,0.39946,0.998,0.065,-0.013,-0.018
0.95,0.5861,-0.32594,0.39384,0.998,0.065,-0.013,-0.018
1,0.59033,-0.33745,0.38794,0.998,0.065,-0.013,-0.018
1.05,0.59438,-0.34841,0.38183,0.998,0.065,-0.013,-0.018
1.1,0.59824,-0.35878,0.37557,0.998,0.065,-0.013,-0.018
1.15,0.6019,-0.36851,0.36922,0.998,0.065,-0.013,-0.018
1.2,0.60538,-0.37757,0.36284,0.998,0.065,-0.013,-0.018
1.25,0.60867,-0.38592,0.35648,0.998,0.065,-0.013,-0.018
1.3,0.61178,-0.39352,0.35021,0.998,0.065,-0.013,-0.018
1.35,0.6147,-0.40035,0.34406,0.998,0.065,-0.013,-0.018
1.4,0.61746,-0.40638,0.33809,0.998,0.065,-0.013,-0.018
1.45,0.62006,-0.41161,0.33233,0.998,0.065,-0.013,-0.018
1.5,0.62253,-0.41602,0.32681,0.998,0.065,-0.013,-0.018
1.55,0.62488,-0.41961,0.32155,0.998,0.065,-0.013,-0.018
1.6,0.62714,-0.42237,0.31654,0.998,0.065,-0.013,-0.018
1.65,0.62935,-0.42431,0.31179,0.998,0.065,-0.013,-0.018
1.7,0.63155,-0.42546,0.30729,0.998,0.065,-0.013,-0.018
1.75,0.63375,-0.42584,0.30302,0.998,0.065,-0.013,-0.018
1.8,0.636,-0.42547,0.29895,0.998,0.065,-0.013,-0.018
1.85,0.63832,-0.42441,0.29505,0.998,0.065,-0.013,-0.018
1.9,0.64075,-0.42269,0.29131,0.998,0.065,-0.013,-0.018
1.95,0.6433,-0.42035,0.28768,0.998,0.065,-0.013,-0.018
2,0.64599,-0.41745,0.28416,0.998,0.065,-0.013,-0.018
2.05,0.64882,-0.41403,0.28072,0.998,0.065,-0.013,-0.018
2.1,0.65181,-0.41014,0.27736,0.998,0.065,-0.013,-0.018
2.15,0.65495,-0.40583,0.27406,0.998,0.065,-0.013,-0.018
2.2,0.65825,-0.40117,0.27082,0.998,0.065,-0.013,-0.018
2.25,0.66168,-0.39618,0.26764,0.998,0.065,-0.013,-0.018
2.3,0.66526,-0.39093,0.26452,0.998,0.065,-0.013,-0.018
2.35,0.66897,-0.38547,0.26146,0.998,0.065,-0.013,-0.018
2.4,0.6728,-0.37984,0.25848,0.998,0.065,-0.013,-0.018
2.45,0.67673,-0.3741,0.25558,0.998,0.065,-0.013,-0.018
2.5,0.68077,-0.36829,0.25276,0.998,0.065,-0.013,-0.018
2.55,0.68489,-0.36245,0.25005,0.998,0.065,-0.013,-0.018
2.6,0.68909,-0.35664,0.24744,0.998,0.065,-0.013,-0.018
2.65,0.69336,-0.35091,0.24496,0.998,0.065,-0.013,-0.018
2.7,0.69769,-0.34529,0.24262,0.998,0.065,-0.013,-0.018
2.75,0.70207,-0.33984,0.24043,0.998,0.065,-0.013,-0.018
2.8,0.70649,-0.3346,0.23843,0.998,0.065,-0.013,-0.018
2.85,0.71094,-0.32961,0.23662,0.998,0.065,-0.013,-0.018
2.9,0.71542,-0.32491,0.23504,0.998,0.065,-0.013,-0.018
2.95,0.71994,-0.32053,0.23371,0.998,0.065,-0.013,-0.018
3,0.72448,-0.31652,0.23266,0.998,0.065,-0.013,-0.018
3.05,0.72905,-0.31289,0.23192,0.998,0.065,-0.013,-0.018
3.1,0.73365,-0.30966,0.23153,0.998,0.065,-0.013,-0.018
3.15,0.7383,-0.30686,0.23151,0.998,0.065,-0.013,-0.018
3.2,0.743,-0.30449,0.2319,0.998,0.065,-0.013,-0.018
3.25,0.74775,-0.30255,0.23271,0.998,0.065,-0.013,-0.018
3.3,0.75258,-0.30105,0.23397,0.998,0.065,-0.013,-0.018
3.35,0.75748,-0.29998,0.23569,0.998,0.065,-0.013,-0.018
3.4,0.76247,-0.29933,0.23786,0.998,0.065,-0.013,-0.018
3.45,0.76755,-0.29907,0.24049,0.998,0.065,-0.013,-0.018
3.5,0.77272,-0.29919,0.24355,0.998,0.065,-0.013,-0.018
3.55,0.77799,-0.29969,0.24703,0.998,0.065,-0.013,-0.018
3.6,0.78335,-0.30053,0.25089,0.998,0.065,-0.013,-0.018
3.65,0.78879,-0.30172,0.25509,0.998,0.065,-0.013,-0.018
3.7,0.79431,-0.30322,0.25961,0.998,0.065,-0.013,-0.018
3.75,0.79989,-0.30501,0.26437,0.998,0.065,-0.013,-0.018
3.8,0.80552,-0.30708,0.26934,0.998,0.065,-0.013,-0.018
3.85,0.81119,-0.30941,0.27447,0.998,0.065,-0.013,-0.018
3.9,0.81687,-0.31196,0.27968,0.998,0.065,-0.013,-0.018
3.95,0.82257,-0.31472,0.28493,0.998,0.065,-0.013,-0.018
4,0.82825,-0.31766,0.29014,0.998,0.065,-0.013,-0.018
4.05,0.83389,-0.32075,0.29527,0.998,0.065,-0.013,-0.018
4.1,0.8395,-0.32398,0.30024,0.998,0.065,-0.013,-0.018
4.15,0.84503,-0.32731,0.305,0.998,0.065,-0.013,-0.018
4.2,0.85047,-0.33071,0.30947,0.998,0.065,-0.013,-0.018
4.25,0.8558,-0.33416,0.3136,0.998,0.065,-0.013,-0.018
4.3,0.861,-0.3376,0.31734,0.998,0.065,-0.013,-0.018
4.35,0.86604,-0.34099,0.32064,0.998,0.065,-0.013,-0.018
4.4,0.87089,-0.34427,0.32349,0.998,0.065,-0.013,-0.018
4.45,0.87554,-0.3474,0.3259,0.998,0.065,-0.013,-0.018
4.5,0.87996,-0.35035,0.3279,0.998,0.065,-0.013,-0.018
4.55,0.88417,-0.35312,0.32954,0.998,0.065,-0.013,-0.018
4.6,0.88816,-0.35572,0.33086,0.998,0.065,-0.013,-0.018
4.65,0.89193,-0.3582,0.33189,0.998,0.065,-0.013,-0.018
4.7,0.89552,-0.36057,0.33265,0.998,0.065,-0.013,-0.018
4.75,0.89892,-0.36289,0.33315,0.998,0.065,-0.013,-0.018
4.8,0.90215,-0.36518,0.33339,0.998,0.065,-0.013,-0.018
4.85,0.90524,-0.36748,0.33335,0.998,0.065,-0.013,-0.018
4.9,0.90818,-0.36982,0.33303,0.998,0.065,-0.013,-0.018
4.95,0.911,-0.37224,0.3324,0.998,0.065,-0.013,-0.018
5,0.91369,-0.37476,0.33142,0.998,0.065,-0.013,-0.018
