0.05,0.33536,-0.40885,0.49222,0.998,0.065,-0.013,-0.018
0.1,0.34528,-0.4073,0.49146,0.998,0.065,-0.013,-0.018
0.15,0.35537,-0.40605,0.49059,0.998,0.065,-0.013,-0.018
0.2,0.36566,-0.4051,0.48959,0.998,0.065,-0.013,-0.018
0.25,0.37616,-0.40451,0.48839,0.998,0.065,-0.013,-0.018
0.3,0.38688,-0.40429,0.48693,0.998,0.065,-0.013,-0.018
0.35,0.39782,-0.40446,0.48512,0.998,0.065,-0.013,-0.018
0.4,0.40897,-0.40505,0.48288,0.998,0.065,-0.013,-0.018
0.45,0.42033,-0.40606,0.48013,0.998,0.065,-0.013,-0.018
0.5,0.43187,-0.40746,0.47679,0.998,0.065,-0.013,-0.018
0.55,0.44352,-0.40923,0.47279,0.998,0.065,-0.013,-0.018
0.6,0.45522,-0.41129,0.46811,0.998,0.065,-0.013,-0.018
0.65,0.46686,-0.41356,0.46274,0.998,0.065,-0.013,-0.018
0.7,0.47833,-0.41595,0.45674,0.998,0.065,-0.013,-0.018
0.75,0.48958,-0.41839,0.45019,0.998,0.065,-0.013,-0.018
0.8,0.50053,-0.42083,0.44315,0.998,0.065,-0.013,-0.018
0.85,0.51116,-0.42322,0.43571,0.998,0.065,-0.013,-0.018
0.9,0.52145,-0.42553,0.42795,0.998,0.065,-0.013,-0.018
0.95,0.53137,-0.42771,0.41992,0.998,0.065,-0.013,-0.018
1,0.54093,-0.42973,0.41169,0.998,0.065,-0.013,-0.018
1.05,0.5501,-0.43155,0.40334,0.998,0.065,-0.013,-0.018
1.1,0.55889,-0.43314,0.39493,0.998,0.065,-0.013,-0.018
1.15,0.56729,-0.43445,0.38652,0.998,0.065,-0.013,-0.018
1.2,0.5753,-0.43545,0.37816,0.998,0.065,-0.013,-0.018
1.25,0.58292,-0.43611,0.36992,0.998,0.065,-0.013,-0.018
1.3,0.59015,-0.43638,0.36184,0.998,0.065,-0.013,-0.018
1.35,0.59701,-0.43624,0.35398,0.998,0.065,-0.013,-0.018
1.4,0.6035,-0.43565,0.34638,0.998,0.065,-0.013,-0.018
1.45,0.60965,-0.4346,0.33907,0.998,0.065,-0.013,-0.018
1.5,0.61548,-0.43306,0.33209,0.998,0.065,-0.013,-0.018
1.55,0.62101,-0.43103,0.32543,0.998,0.065,-0.013,-0.018
1.6,0.62626,-0.42852,0.31913,0.998,0.065,-0.013,-0.018
1.65,0.63126,-0.42556,0.31316,0.998,0.065,-0.013,-0.018
1.7,0.63604,-0.42216,0.30753,0.998,0.065,-0.013,-0.018
1.75,0.64062,-0.41836,0.30222,0.998,0.065,-0.013,-0.018
1.8,0.64503,-0.41422,0.29721,0.998,0.065,-0.013,-0.018
1.85,0.64928,-0.40978,0.29246,0.998,0.065,-0.013,-0.018
1.9,0.65341,-0.4051,0.28797,0.998,0.065,-0.013,-0.018
1.95,0.65742,-0.40023,0.2837,0.998,0.065,-0.013,-0.018
2,0.66133,-0.39522,0.27964,0.998,0.065,-0.013,-0.018
2.05,0.66515,-0.39012,0.27577,0.998,0.065,-0.013,-0.018
2.1,0.66889,-0.38496,0.27206,0.998,0.065,-0.013,-0.018
2.15,0.67256,-0.37979,0.26852,0.998,0.065,-0.013,-0.018
2.2,0.67617,-0.37463,0.26513,0.998,0.065,-0.013,-0.018
2.25,0.67972,-0.36951,0.26188,0.998,0.065,-0.013,-0.018
2.3,0.68322,-0.36447,0.25878,0.998,0.065,-0.013,-0.018
2.35,0.68668,-0.35952,0.25581,0.998,0.065,-0.013,-0.018
2.4,0.69009,-0.35468,0.25299,0.998,0.065,-0.013,-0.018
2.45,0.69347,-0.34999,0.2503,0.998,0.065,-0.013,-0.018
2.5,0.69681,-0.34545,0.24776,0.998,0.065,-0.013,-0.018
2.55,0.70013,-0.34109,0.24536,0.998,0.065,-0.013,-0.018
2.6,0.70342,-0.33692,0.24312,0.998,0.065,-0.013,-0.018
2.65,0.7067,-0.33297,0.24103,0.998,0.065,-0.013,-0.018
2.7,0.70997,-0.32926,0.23911,0.998,0.065,-0.013,-0.018
2.75,0.71324,-0.32579,0.23736,0.998,0.065,-0.013,-0.018
2.8,0.71651,-0.32259,0.23581,0.998,0.065,-0.013,-0.018
2.85,0.71979,-0.31967,0.23447,0.998,0.065,-0.013,-0.018
2.9,0.72309,-0.31704,0.23334,0.998,0.065,-0.013,-0.018
2.95,0.72643,-0.31472,0.23247,0.998,0.065,-0.013,-0.018
3,0.72981,-0.31272,0.23187,0.998,0.065,-0.013,-0.018
3.05,0.73325,-0.31105,0.23157,0.998,0.065,-0.013,-0.018
3.1,0.73676,-0.30971,0.23159,0.998,0.065,-0.013,-0.018
3.15,0.74035,-0.30871,0.23196,0.998,0.065,-0.013,-0.018
3.2,0.74404,-0.30804,0.23272,0.998,0.065,-0.013,-0.018
3.25,0.74784,-0.30771,0.23388,0.998,0.065,-0.013,-0.018
3.3,0.75177,-0.3077,0.23545,0.998,0.065,-0.013,-0.018
3.35,0.75583,-0.30802,0.23746,0.998,0.065,-0.013,-0.018
3.4,0.76002,-0.30864,0.2399,0.998,0.065,-0.013,-0.018
3.45,0.76437,-0.30955,0.24276,0.998,0.065,-0.013,-0.018
3.5,0.76886,-0.31075,0.24604,0.998,0.065,-0.013,-0.018
3.55,0.7735,-0.31221,0.2497,0.998,0.065,-0.013,-0.018
3.6,0.77829,-0.31391,0.25372,0.998,0.065,-0.013,-0.018
3.65,0.78322,-0.31583,0.25806,0.998,0.065,-0.013,-0.018
3.7,0.78828,-0.31796,0.26268,0.998,0.065,-0.013,-0.018
3.75,0.79347,-0.32026,0.26752,0.998,0.065,-0.013,-0.018
3.8,0.79876,-0.32273,0.27254,0.998,0.065,-0.013,-0.018
3.85,0.80416,-0.32532,0.27768,0.998,0.065,-0.013,-0.018
3.9,0.80963,-0.32804,0.28288,0.998,0.065,-0.013,-0.018
3.95,0.81517,-0.33084,0.28809,0.998,0.065,-0.013,-0.018
4,0.82075,-0.33371,0.29324,0.998,0.065,-0.013,-0.018
4.05,0.82636,-0.33663,0.29828,0.998,0.065,-0.013,-0.018
4.1,0.83197,-0.33958,0.30313,0.998,0.065,-0.013,-0.018
4.15,0.83756,-0.34253,0.30774,0.998,0.065,-0.013,-0.018
4.2,0.84312,-0.34545,0.31205,0.998,0.065,-0.013,-0.018
4.25,0.84861,-0.34833,0.31599,0.998,0.065,-0.013,-0.018
4.3,0.854,-0.35113,0.31952,0.998,0.065,-0.013,-0.018
4.35,0.85927,-0.35381,0.3226,0.998,0.065,-0.013,-0.018
4.4,0.86438,-0.35633,0.32521,0.998,0.065,-0.013,-0.018
4.45,0.8693,-0.35866,0.32738,0.998,0.065,-0.013,-0.018
4.5,0.87403,-0.36078,0.32912,0.998,0.065,-0.013,-0.018
4.55,0.87854,-0.36268,0.3305,0.998,0.065,-0.013,-0.018
4.6,0.88286,-0.36439,0.33155,0.998,0.065,-0.013,-0.018
4.65,0.88698,-0.36593,0.33231,0.998,0.065,-0.013,-0.018
4.7,0.89092,-0.36735,0.33278,0.998,0.065,-0.013,-0.018
4.75,0.89469,-0.36868,0.33299,0.998,0.065,-0.013,-0.018
4.8,0.89831,-0.36996,0.33293,0.998,0.065,-0.013,-0.018
4.85,0.90179,-0.37124,0.3326,0.998,0.065,-0.013,-0.018
4.9,0.90513,-0.37255,0.33197,0.998,0.065,-0.013,-0.018
4.95,0.90835,-0.37392,0.33103,0.998,0.065,-0.013,-0.018
5,0.91146,-0.37538,0.32974,0.998,0.065,-0.013,-0.018
