0.05,0.49076,-0.406,0.23424,0.949,-0.314,-0.027,-0.013
0.1,0.62087,-0.13452,0.35372,0.949,-0.314,-0.027,-0.013
0.15,0.62442,-0.13328,0.35336,0.949,-0.314,-0.027,-0.013
0.2,0.62794,-0.13202,0.35307,0.949,-0.314,-0.027,-0.013
0.25,0.6314,-0.13075,0.35282,0.949,-0.314,-0.027,-0.013
0.3,0.6348,-0.12947,0.35262,0.949,-0.314,-0.027,-0.013
0.35,0.63814,-0.12817,0.35246,0.949,-0.314,-0.027,-0.013
0.4,0.6414,-0.12687,0.35231,0.949,-0.314,-0.027,-0.013
0.45,0.64458,-0.12556,0.35214,0.949,-0.314,-0.027,-0.013
0.5,0.64767,-0.12424,0.35191,0.949,-0.314,-0.027,-0.013
0.55,0.65065,-0.12294,0.35153,0.949,-0.314,-0.027,-0.013
0.6,0.65354,-0.12166,0.35088,0.949,-0.314,-0.027,-0.013
0.65,0.65634,-0.12042,0.34982,0.949,-0.314,-0.027,-0.013
0.7,0.65909,-0.11927,0.34813,0.949,-0.314,-0.027,-0.013
0.75,0.66186,-0.11822,0.34557,0.949,-0.314,-0.027,-0.013
0.8,0.66471,-0.11733,0.34189,0.949,-0.314,-0.027,-0.013
0.85,0.66777,-0.11664,0.33688,0.949,-0.314,-0.027,-0.013
0.9,0.67113,-0.11618,0.33042,0.949,-0.314,-0.027,-0.013
0.95,0.6749,-0.11594,0.32255,0.949,-0.314,-0.027,-0.013
1,0.67913,-0.11591,0.31344,0.949,-0.314,-0.027,-0.013
1.05,0.68382,-0.11605,0.3034,0.949,-0.314,-0.027,-0.013
1.1,0.68894,-0.11631,0.29276,0.949,-0.314,-0.027,-0.013
1.15,0.6944,-0.11664,0.28181,0.949,-0.314,-0.027,-0.013
1.2,0.70014,-0.117,0.27078,0.949,-0.314,-0.027,-0.013
1.25,0.70608,-0.11737,0.25978,0.949,-0.314,-0.027,-0.013
1.3,0.71214,-0.11773,0.24885,0.949,-0.314,-0.027,-0.013
1.35,0.71827,-0.11806,0.238,0.949,-0.314,-0.027,-0.013
1.4,0.72438,-0.11837,0.2272,0.949,-0.314,-0.027,-0.013
1.45,0.73037,-0.11865,0.21643,0.949,-0.314,-0.027,-0.013
1.5,0.73605,-0.11889,0.20572,0.949,-0.314,-0.027,-0.013
1.55,0.74119,-0.11908,0.19517,0.949,-0.314,-0.027,-0.013
1.6,0.74553,-0.11921,0.18495,0.949,-0.314,-0.027,-0.013
1.65,0.74881,-0.11927,0.17531,0.949,-0.314,-0.027,-0.013
1.7,0.75088,-0.11924,0.16649,0.949,-0.314,-0.027,-0.013
1.75,0.75177,-0.11914,0.15863,0.949,-0.314,-0.027,-0.013
1.8,0.75172,-0.11899,0.15173,0.949,-0.314,-0.027,-0.013
1.85,0.75106,-0.11881,0.14566,0.949,-0.314,-0.027,-0.013
1.9,0.7501,-0.11861,0.1402,0.949,-0.314,-0.027,-0.013
1.95,0.74909,-0.11841,0.13515,0.949,-0.314,-0.027,-0.013
2,0.74818,-0.11823,0.13032,0.949,-0.314,-0.027,-0.013
2.05,0.74744,-0.11806,0.12559,0.949,-0.314,-0.027,-0.013
2.1,0.74689,-0.1179,0.1209,0.949,-0.314,-0.027,-0.013
2.15,0.74651,-0.11775,0.11619,0.949,-0.314,-0.027,-0.013
2.2,0.74628,-0.11762,0.11145,0.949,-0.314,-0.027,-0.013
2.25,0.74618,-0.11748,0.10665,0.949,-0.314,-0.027,-0.013
2.3,0.74617,-0.11735,0.10181,0.949,-0.314,-0.027,-0.013
2.35,0.74624,-0.1172,0.096885,0.949,-0.314,-0.027,-0.013
2.4,0.74636,-0.11704,0.091872,0.949,-0.314,-0.027,-0.013
2.45,0.74653,-0.11685,0.086735,0.949,-0.314,-0.027,-0.013
2.5,0.74673,-0.11661,0.081428,0.949,-0.314,-0.027,-0.013
2.55,0.74694,-0.11629,0.075898,0.949,-0.314,-0.027,-0.013
2.6,0.74717,-0.11586,0.070104,0.949,-0.314,-0.027,-0.013
2.65,0.74741,-0.11527,0.064069,0.949,-0.314,-0.027,-0.013
2.7,0.74764,-0.11451,0.057974,0.949,-0.314,-0.027,-0.013
2.75,0.74787,-0.11363,0.052296,0.949,-0.314,-0.027,-0.013
2.8,0.74809,-0.11276,0.047874,0.949,-0.314,-0.027,-0.013
2.85,0.74832,-0.11216,0.045727,0.949,-0.314,-0.027,-0.013
2.9,0.74856,-0.11211,0.046556,0.949,-0.314,-0.027,-0.013
2.95,0.74882,-0.11273,0.050291,0.949,-0.314,-0.027,-0.013
3,0.74911,-0.11399,0.056173,0.949,-0.314,-0.027,-0.013
3.05,0.74943,-0.11572,0.063251,0.949,-0.314,-0.027,-0.013
3.1,0.74976,-0.11773,0.070789,0.949,-0.314,-0.027,-0.013
3.15,0.7501,-0.11989,0.07837,0.949,-0.314,-0.027,-0.013
3.2,0.75045,-0.12213,0.085821,0.949,-0.314,-0.027,-0.013
3.25,0.7508,-0.1244,0.093103,0.949,-0.314,-0.027,-0.013
3.3,0.75115,-0.12668,0.10024,0.949,-0.314,-0.027,-0.013
3.35,0.75151,-0.12897,0.10729,0.949,-0.314,-0.027,-0.013
3.4,0.75186,-0.13129,0.11429,0.949,-0.314,-0.027,-0.013
3.45,0.75221,-0.13363,0.12131,0.949,-0.314,-0.027,-0.013
3.5,0.75257,-0.13603,0.1284,0.949,-0.314,-0.027,-0.013
3.55,0.75292,-0.13852,0.13558,0.949,-0.314,-0.027,-0.013
3.6,0.75326,-0.14115,0.14287,0.949,-0.314,-0.027,-0.013
3.65,0.7536,-0.14397,0.15021,0.949,-0.314,-0.027,-0.013
3.7,0.75392,-0.14704,0.15736,0.949,-0.314,-0.027,-0.013
3.75,0.75422,-0.15041,0.16385,0.949,-0.314,-0.027,-0.013
3.8,0.75449,-0.15404,0.1689,0.949,-0.314,-0.027,-0.013
3.85,0.75473,-0.15775,0.17157,0.949,-0.314,-0.027,-0.013
3.9,0.75495,-0.16124,0.17119,0.949,-0.314,-0.027,-0.013
3.95,0.75516,-0.16422,0.16791,0.949,-0.314,-0.027,-0.013
4,0.75538,-0.16656,0.16257,0.949,-0.314,-0.027,-0.013
4.05,0.75561,-0.16831,0.15625,0.949,-0.314,-0.027,-0.013
4.1,0.75586,-0.16963,0.14976,0.949,-0.314,-0.027,-0.013
4.15,0.75612,-0.17068,0.14348,0.949,-0.314,-0.027,-0.013
4.2,0.75639,-0.17157,0.13754,0.949,-0.314,-0.027,-0.013
4.25,0.75668,-0.17238,0.13191,0.949,-0.314,-0.027,-0.013
4.3,0.75696,-0.17315,0.12653,0.949,-0.314,-0.027,-0.013
4.35,0.75725,-0.1739,0.12132,0.949,-0.314,-0.027,-0.013
4.4,0.75755,-0.17464,0.11623,0.949,-0.314,-0.027,-0.013
4.45,0.75784,-0.17538,0.11121,0.949,-0.314,-0.027,-0.013
4.5,0.75813,-0.17612,0.10623,0.949,-0.314,-0.027,-0.013
4.55,0.75843,-0.17686,0.10128,0.949,-0.314,-0.027,-0.013
4.6,0.75872,-0.17759,0.096346,0.949,-0.314,-0.027,-0.013
4.65,0.75901,-0.17833,0.091423,0.949,-0.314,-0.027,-0.013
4.7,0.75931,-0.17907,0.086505,0.949,-0.314,-0.027,-0.013
4.75,0.7596,-0.1798,0.08159,0.949,-0.314,-0.027,-0.013
4.8,0.7599,-0.18054,0.076677,0.949,-0.314,-0.027,-0.013
4.85,0.76019,-0.18128,0.071766,0.949,-0.314,-0.027,-0.013
4.9,0.76048,-0.18202,0.066854,0.949,-0.314,-0.027,-0.013
4.95,0.76078,-0.18275,0.061943,0.949,-0.314,-0.027,-0.013
5,0.76285,-0.17691,0.05598,0.949,-0.314,-0.027,-0.013
