0.05,0.12539,0.12049,0.28644,0.746,-0.666,-0.012,0.004
0.1,0.12859,0.12087,0.28662,0.746,-0.666,-0.012,0.004
0.15,0.13178,0.12131,0.28671,0.746,-0.666,-0.012,0.004
0.2,0.13497,0.12182,0.28671,0.746,-0.666,-0.012,0.004
0.25,0.13817,0.12239,0.28661,0.746,-0.666,-0.012,0.004
0.3,0.14137,0.12305,0.28639,0.746,-0.666,-0.012,0.004
0.35,0.14459,0.12379,0.28605,0.746,-0.666,-0.012,0.004
0.4,0.14784,0.12463,0.28558,0.746,-0.666,-0.012,0.004
0.45,0.15112,0.12558,0.28496,0.746,-0.666,-0.012,0.004
0.5,0.15446,0.12664,0.28419,0.746,-0.666,-0.012,0.004
0.55,0.15786,0.12782,0.28324,0.746,-0.666,-0.012,0.004
0.6,0.16135,0.12911,0.28213,0.746,-0.666,-0.012,0.004
0.65,0.16493,0.13052,0.28083,0.746,-0.666,-0.012,0.004
0.7,0.16861,0.13203,0.27936,0.746,-0.666,-0.012,0.004
0.75,0.1724,0.13363,0.27772,0.746,-0.666,-0.012,0.004
0.8,0.17631,0.13531,0.27589,0.746,-0.666,-0.012,0.004
0.85,0.18034,0.13707,0.27387,0.746,-0.666,-0.012,0.004
0.9,0.18449,0.1389,0.27168,0.746,-0.666,-0.012,0.004
0.95,0.18877,0.14079,0.26929,0.746,-0.666,-0.012,0.004
1,0.19318,0.14273,0.26672,0.746,-0.666,-0.012,0.004
1.05,0.19773,0.14472,0.26395,0.746,-0.666,-0.012,0.004
1.1,0.20243,0.14674,0.26099,0.746,-0.666,-0.012,0.004
1.15,0.20726,0.14879,0.25784,0.746,-0.666,-0.012,0.004
1.2,0.21225,0.15086,0.25449,0.746,-0.666,-0.012,0.004
1.25,0.21739,0.15294,0.25095,0.746,-0.666,-0.012,0.004
1.3,0.22269,0.15501,0.24722,0.746,-0.666,-0.012,0.004
1.35,0.22814,0.15708,0.24329,0.746,-0.666,-0.012,0.004
1.4,0.23376,0.15912,0.23918,0.746,-0.666,-0.012,0.004
1.45,0.23954,0.16114,0.23488,0.746,-0.666,-0.012,0.004
1.5,0.24549,0.16312,0.23041,0.746,-0.666,-0.012,0.004
1.55,0.2516,0.16506,0.22577,0.746,-0.666,-0.012,0.004
1.6,0.25787,0.16695,0.22097,0.746,-0.666,-0.012,0.004
1.65,0.2643,0.16877,0.21602,0.746,-0.666,-0.012,0.004
1.7,0.27089,0.17054,0.21093,0.746,-0.666,-0.012,0.004
1.75,0.27763,0.17225,0.20573,0.746,-0.666,-0.012,0.004
1.8,0.28452,0.17388,0.20041,0.746,-0.666,-0.012,0.004
1.85,0.29155,0.17545,0.195,0.746,-0.666,-0.012,0.004
1.9,0.29871,0.17695,0.18951,0.746,-0.666,-0.012,0.004
1.95,0.30601,0.17838,0.18394,0.746,-0.666,-0.012,0.004
2,0.31342,0.17974,0.17832,0.746,-0.666,-0.012,0.004
2.05,0.32096,0.18104,0.17266,0.746,-0.666,-0.012,0.004
2.1,0.32861,0.18227,0.16696,0.746,-0.666,-0.012,0.004
2.15,0.33637,0.18344,0.16124,0.746,-0.666,-0.012,0.004
2.2,0.34423,0.18454,0.15551,0.746,-0.666,-0.012,0.004
2.25,0.35219,0.18558,0.14978,0.746,-0.666,-0.012,0.004
2.3,0.36024,0.18657,0.14406,0.746,-0.666,-0.012,0.004
2.35,0.36838,0.18749,0.13836,0.746,-0.666,-0.012,0.004
2.4,0.3766,0.18836,0.13269,0.746,-0.666,-0.012,0.004
2.45,0.38489,0.18917,0.12707,0.746,-0.666,-0.012,0.004
2.5,0.39326,0.18992,0.12149,0.746,-0.666,-0.012,0.004
2.55,0.4017,0.19063,0.11598,0.746,-0.666,-0.012,0.004
2.6,0.41019,0.19128,0.11054,0.746,-0.666,-0.012,0.004
2.65,0.41875,0.19188,0.10518,0.746,-0.666,-0.012,0.004
2.7,0.42735,0.19244,0.099908,0.746,-0.666,-0.012,0.004
2.75,0.43601,0.19295,0.094742,0.746,-0.666,-0.012,0.004
2.8,0.4447,0.19341,0.08969,0.746,-0.666,-0.012,0.004
2.85,0.45343,0.19384,0.084761,0.746,-0.666,-0.012,0.004
2.9,0.46219,0.19422,0.079968,0.746,-0.666,-0.012,0.004
2.95,0.47098,0.19456,0.075321,0.746,-0.666,-0.012,0.004
3,0.47978,0.19487,0.070833,0.746,-0.666,-0.012,0.004
3.05,0.48859,0.19515,0.066516,0.746,-0.666,-0.012,0.004
3.1,0.49741,0.19539,0.062381,0.746,-0.666,-0.012,0.004
3.15,0.50622,0.19561,0.058442,0.746,-0.666,-0.012,0.004
3.2,0.51502,0.19581,0.05471,0.746,-0.666,-0.012,0.004
3.25,0.52379,0.19599,0.051196,0.746,-0.666,-0.012,0.004
3.3,0.53253,0.19615,0.047911,0.746,-0.666,-0.012,0.004
3.35,0.54122,0.19631,0.044865,0.746,-0.666,-0.012,0.004
3.4,0.54985,0.19646,0.042064,0.746,-0.666,-0.012,0.004
3.45,0.55841,0.19662,0.039512,0.746,-0.666,-0.012,0.004
3.5,0.56689,0.19678,0.037212,0.746,-0.666,-0.012,0.004
3.55,0.57527,0.19695,0.035163,0.746,-0.666,-0.012,0.004
3.6,0.58354,0.19713,0.03336,0.746,-0.666,-0.012,0.004
3.65,0.59169,0.19733,0.031798,0.746,-0.666,-0.012,0.004
3.7,0.59971,0.19755,0.030468,0.746,-0.666,-0.012,0.004
3.75,0.60759,0.19779,0.029358,0.746,-0.666,-0.012,0.004
3.8,0.61532,0.19805,0.028458,0.746,-0.666,-0.012,0.004
3.85,0.62289,0.19833,0.027754,0.746,-0.666,-0.012,0.004
3.9,0.6303,0.19863,0.027231,0.746,-0.666,-0.012,0.004
3.95,0.63753,0.19894,0.026876,0.746,-0.666,-0.012,0.004
4,0.64459,0.19928,0.026673,0.746,-0.666,-0.012,0.004
4.05,0.65146,0.19964,0.026606,0.746,-0.666,-0.012,0.004
4.1,0.65815,0.20001,0.026662,0.746,-0.666,-0.012,0.004
4.15,0.66464,0.2004,0.026823,0.746,-0.666,-0.012,0.004
4.2,0.67093,0.20079,0.027075,0.746,-0.666,-0.012,0.004
4.25,0.67703,0.2012,0.027403,0.746,-0.666,-0.012,0.004
4.3,0.68291,0.20162,0.027791,0.746,-0.666,-0.012,0.004
4.35,0.68858,0.20204,0.028223,0.746,-0.666,-0.012,0.004
4.4,0.69404,0.20247,0.028683,0.746,-0.666,-0.012,0.004
4.45,0.69928,0.20289,0.029155,0.746,-0.666,-0.012,0.004
4.5,0.70429,0.20331,0.029622,0.746,-0.666,-0.012,0.004
4.55,0.70907,0.20373,0.030071,0.746,-0.666,-0.012,0.004
4.6,0.71363,0.20414,0.030495,0.746,-0.666,-0.012,0.004
4.65,0.71799,0.20455,0.030888,0.746,-0.666,-0.012,0.004
4.7,0.72214,0.20495,0.031252,0.746,-0.666,-0.012,0.004
4.75,0.72612,0.20534,0.031586,0.746,-0.666,-0.012,0.004
4.8,0.72992,0.20573,0.031893,0.746,-0.666,-0.012,0.004
4.85,0.73357,0.20611,0.032174,0.746,-0.666,-0.012,0.004
4.9,0.73708,0.20649,0.03243,0.746,-0.666,-0.012,0.004
4.95,0.74046,0.20686,0.032661,0.746,-0.666,-0.012,0.004
5,0.74372,0.20723,0.032864,0.746,-0.666,-0.012,0.004
