0.05,0.84026,-0.18407,0.34264,0.746,-0.666,-0.012,0.004
0.1,0.8363,-0.1807,0.34235,0.746,-0.666,-0.012,0.004
0.15,0.83234,-0.17726,0.34198,0.746,-0.666,-0.012,0.004
0.2,0.82838,-0.17376,0.34151,0.746,-0.666,-0.012,0.004
0.25,0.82441,-0.17019,0.34095,0.746,-0.666,-0.012,0.004
0.3,0.82046,-0.16655,0.34027,0.746,-0.666,-0.012,0.004
0.35,0.81653,-0.16281,0.33946,0.746,-0.666,-0.012,0.004
0.4,0.81262,-0.15898,0.33853,0.746,-0.666,-0.012,0.004
0.45,0.80875,-0.15504,0.33744,0.746,-0.666,-0.012,0.004
0.5,0.80493,-0.15098,0.3362,0.746,-0.666,-0.012,0.004
0.55,0.80117,-0.14681,0.33479,0.746,-0.666,-0.012,0.004
0.6,0.7975,-0.14252,0.33321,0.746,-0.666,-0.012,0.004
0.65,0.79393,-0.13812,0.33145,0.746,-0.666,-0.012,0.004
0.7,0.79045,-0.13362,0.32951,0.746,-0.666,-0.012,0.004
0.75,0.78709,-0.12903,0.3274,0.746,-0.666,-0.012,0.004
0.8,0.78384,-0.12435,0.3251,0.746,-0.666,-0.012,0.004
0.85,0.78071,-0.1196,0.32263,0.746,-0.666,-0.012,0.004
0.9,0.77771,-0.11478,0.31996,0.746,-0.666,-0.012,0.004
0.95,0.77483,-0.10989,0.31711,0.746,-0.666,-0.012,0.004
1,0.77209,-0.10496,0.31407,0.746,-0.666,-0.012,0.004
1.05,0.76949,-0.099977,0.31084,0.746,-0.666,-0.012,0.004
1.1,0.76702,-0.094961,0.30741,0.746,-0.666,-0.012,0.004
1.15,0.7647,-0.089919,0.3038,0.746,-0.666,-0.012,0.004
1.2,0.76253,-0.084858,0.29998,0.746,-0.666,-0.012,0.004
1.25,0.76052,-0.079789,0.29598,0.746,-0.666,-0.012,0.004
1.3,0.75866,-0.074721,0.29178,0.746,-0.666,-0.012,0.004
1.35,0.75696,-0.069662,0.28739,0.746,-0.666,-0.012,0.004
1.4,0.75542,-0.064623,0.28281,0.746,-0.666,-0.012,0.004
1.45,0.75405,-0.059613,0.27805,0.746,-0.666,-0.012,0.004
1.5,0.75284,-0.054638,0.27311,0.746,-0.666,-0.012,0.004
1.55,0.75179,-0.049708,0.268,0.746,-0.666,-0.012,0.004
1.6,0.75091,-0.044829,0.26273,0.746,-0.666,-0.012,0.004
1.65,0.75018,-0.040007,0.25732,0.746,-0.666,-0.012,0.004
1.7,0.74961,-0.035246,0.25177,0.746,-0.666,-0.012,0.004
1.75,0.7492,-0.030549,0.2461,0.746,-0.666,-0.012,0.004
1.8,0.74893,-0.02592,0.24032,0.746,-0.666,-0.012,0.004
1.85,0.7488,-0.021359,0.23444,0.746,-0.666,-0.012,0.004
1.9,0.74881,-0.016866,0.22848,0.746,-0.666,-0.012,0.004
1.95,0.74895,-0.012442,0.22245,0.746,-0.666,-0.012,0.004
2,0.74921,-0.0080854,0.21636,0.746,-0.666,-0.012,0.004
2.05,0.74959,-0.0037959,0.21023,0.746,-0.666,-0.012,0.004
2.1,0.75009,0.00042792,0.20407,0.746,-0.666,-0.012,0.004
2.15,0.75069,0.0045874,0.19789,0.746,-0.666,-0.012,0.004
2.2,0.7514,0.0086839,0.19169,0.746,-0.666,-0.012,0.004
2.25,0.7522,0.012719,0.18549,0.746,-0.666,-0.012,0.004
2.3,0.75309,0.016694,0.17931,0.746,-0.666,-0.012,0.004
2.35,0.75407,0.02061,0.17314,0.746,-0.666,-0.012,0.004
2.4,0.75514,0.02447,0.16701,0.746,-0.666,-0.012,0.004
2.45,0.75628,0.028274,0.16092,0.746,-0.666,-0.012,0.004
2.5,0.75749,0.032024,0.15488,0.746,-0.666,-0.012,0.004
2.55,0.75877,0.035721,0.1489,0.746,-0.666,-0.012,0.004
2.6,0.76011,0.039367,0.14299,0.746,-0.666,-0.012,0.004
2.65,0.76151,0.042964,0.13717,0.746,-0.666,-0.012,0.004
2.7,0.76296,0.046512,0.13143,0.746,-0.666,-0.012,0.004
2.75,0.76445,0.050015,0.1258,0.746,-0.666,-0.012,0.004
2.8,0.76599,0.053473,0.12028,0.746,-0.666,-0.012,0.004
2.85,0.76757,0.056889,0.11489,0.746,-0.666,-0.012,0.004
2.9,0.76917,0.060264,0.10963,0.746,-0.666,-0.012,0.004
2.95,0.7708,0.063601,0.10452,0.746,-0.666,-0.012,0.004
3,0.77245,0.066902,0.099563,0.746,-0.666,-0.012,0.004
3.05,0.77411,0.07017,0.09478,0.746,-0.666,-0.012,0.004
3.1,0.77577,0.073409,0.09018,0.746,-0.666,-0.012,0.004
3.15,0.77742,0.076621,0.085774,0.746,-0.666,-0.012,0.004
3.2,0.77906,0.079811,0.081576,0.746,-0.666,-0.012,0.004
3.25,0.78068,0.082983,0.077597,0.746,-0.666,-0.012,0.004
3.3,0.78226,0.086142,0.073847,0.746,-0.666,-0.012,0.004
3.35,0.7838,0.089292,0.070335,0.746,-0.666,-0.012,0.004
3.4,0.78527,0.092439,0.067068,0.746,-0.666,-0.012,0.004
3.45,0.78668,0.095587,0.064051,0.746,-0.666,-0.012,0.004
3.5,0.788,0.098741,0.061285,0.746,-0.666,-0.012,0.004
3.55,0.78922,0.1019,0.05877,0.746,-0.666,-0.012,0.004
3.6,0.79033,0.10508,0.056502,0.746,-0.666,-0.012,0.004
3.65,0.79133,0.10827,0.054474,0.746,-0.666,-0.012,0.004
3.7,0.79219,0.11148,0.052678,0.746,-0.666,-0.012,0.004
3.75,0.79292,0.11472,0.051103,0.746,-0.666,-0.012,0.004
3.8,0.79349,0.11797,0.049737,0.746,-0.666,-0.012,0.004
3.85,0.7939,0.12124,0.048567,0.746,-0.666,-0.012,0.004
3.9,0.79416,0.12453,0.047579,0.746,-0.666,-0.012,0.004
3.95,0.79423,0.12784,0.046758,0.746,-0.666,-0.012,0.004
4,0.79414,0.13117,0.046089,0.746,-0.666,-0.012,0.004
4.05,0.79385,0.13452,0.045557,0.746,-0.666,-0.012,0.004
4.1,0.79338,0.13789,0.045147,0.746,-0.666,-0.012,0.004
4.15,0.79272,0.14127,0.044843,0.746,-0.666,-0.012,0.004
4.2,0.79186,0.14466,0.044629,0.746,-0.666,-0.012,0.004
4.25,0.79079,0.14806,0.044491,0.746,-0.666,-0.012,0.004
4.3,0.78952,0.15147,0.044414,0.746,-0.666,-0.012,0.004
4.35,0.78804,0.15488,0.04438,0.746,-0.666,-0.012,0.004
4.4,0.78634,0.1583,0.044375,0.746,-0.666,-0.012,0.004
4.45,0.78442,0.16172,0.044381,0.746,-0.666,-0.012,0.004
4.5,0.78227,0.16514,0.044382,0.746,-0.666,-0.012,0.004
4.55,0.7799,0.16855,0.044366,0.746,-0.666,-0.012,0.004
4.6,0.77731,0.17195,0.044324,0.746,-0.666,-0.012,0.004
4.65,0.7745,0.17535,0.044252,0.746,-0.666,-0.012,0.004
4.7,0.7715,0.17874,0.04415,0.746,-0.666,-0.012,0.004
4.75,0.76832,0.18213,0.044018,0.746,-0.666,-0.012,0.004
4.8,0.76497,0.18551,0.04386,0.746,-0.666,-0.012,0.004
4.85,0.76147,0.18888,0.043675,0.746,-0.666,-0.012,0.004
4.9,0.75782,0.19225,0.043465,0.746,-0.666,-0.012,0.004
4.95,0.75405,0.19562,0.04323,0.746,-0.666,-0.012,0.004
5,0.75015,0.19898,0.042968,0.746,-0.666,-0.012,0.004
