0.05,0.26262,0.39666,0.3937,0.746,-0.666,-0.012,0.004
0.1,0.26443,0.39422,0.39277,0.746,-0.666,-0.012,0.004
0.15,0.26625,0.39184,0.39175,0.746,-0.666,-0.012,0.004
0.2,0.26806,0.38952,0.39064,0.746,-0.666,-0.012,0.004
0.25,0.26987,0.38727,0.38943,0.746,-0.666,-0.012,0.004
0.3,0.27169,0.3851,0.38811,0.746,-0.666,-0.012,0.004
0.35,0.27353,0.38302,0.38666,0.746,-0.666,-0.012,0.004
0.4,0.2754,0.38103,0.38508,0.746,-0.666,-0.012,0.004
0.45,0.2773,0.37915,0.38335,0.746,-0.666,-0.012,0.004
0.5,0.27925,0.37739,0.38146,0.746,-0.666,-0.012,0.004
0.55,0.28127,0.37575,0.37941,0.746,-0.666,-0.012,0.004
0.6,0.28338,0.37422,0.37718,0.746,-0.666,-0.012,0.004
0.65,0.28557,0.3728,0.37478,0.746,-0.666,-0.012,0.004
0.7,0.28787,0.37148,0.3722,0.746,-0.666,-0.012,0.004
0.75,0.29029,0.37026,0.36945,0.746,-0.666,-0.012,0.004
0.8,0.29281,0.36912,0.36651,0.746,-0.666,-0.012,0.004
0.85,0.29546,0.36805,0.36338,0.746,-0.666,-0.012,0.004
0.9,0.29823,0.36706,0.36008,0.746,-0.666,-0.012,0.004
0.95,0.30113,0.36612,0.35658,0.746,-0.666,-0.012,0.004
1,0.30416,0.36524,0.3529,0.746,-0.666,-0.012,0.004
1.05,0.30733,0.3644,0.34902,0.746,-0.666,-0.012,0.004
1.1,0.31064,0.3636,0.34496,0.746,-0.666,-0.012,0.004
1.15,0.31409,0.36283,0.34069,0.746,-0.666,-0.012,0.004
1.2,0.3177,0.36207,0.33624,0.746,-0.666,-0.012,0.004
1.25,0.32146,0.36132,0.33159,0.746,-0.666,-0.012,0.004
1.3,0.32537,0.36057,0.32674,0.746,-0.666,-0.012,0.004
1.35,0.32945,0.35981,0.32171,0.746,-0.666,-0.012,0.004
1.4,0.33368,0.35903,0.31649,0.746,-0.666,-0.012,0.004
1.45,0.33808,0.35823,0.31108,0.746,-0.666,-0.012,0.004
1.5,0.34265,0.35738,0.3055,0.746,-0.666,-0.012,0.004
1.55,0.34737,0.3565,0.29975,0.746,-0.666,-0.012,0.004
1.6,0.35226,0.35556,0.29384,0.746,-0.666,-0.012,0.004
1.65,0.35731,0.35456,0.28778,0.746,-0.666,-0.012,0.004
1.7,0.36252,0.35351,0.28159,0.746,-0.666,-0.012,0.004
1.75,0.36788,0.35238,0.27527,0.746,-0.666,-0.012,0.004
1.8,0.37338,0.3512,0.26885,0.746,-0.666,-0.012,0.004
1.85,0.37903,0.34994,0.26233,0.746,-0.666,-0.012,0.004
1.9,0.38481,0.34862,0.25572,0.746,-0.666,-0.012,0.004
1.95,0.39073,0.34722,0.24905,0.746,-0.666,-0.012,0.004
2,0.39676,0.34576,0.24232,0.746,-0.666,-0.012,0.004
2.05,0.40292,0.34423,0.23555,0.746,-0.666,-0.012,0.004
2.1,0.40919,0.34264,0.22874,0.746,-0.666,-0.012,0.004
2.15,0.41557,0.34098,0.22191,0.746,-0.666,-0.012,0.004
2.2,0.42205,0.33926,0.21507,0.746,-0.666,-0.012,0.004
2.25,0.42862,0.33748,0.20823,0.746,-0.666,-0.012,0.004
2.3,0.43529,0.33563,0.2014,0.746,-0.666,-0.012,0.004
2.35,0.44205,0.33373,0.1946,0.746,-0.666,-0.012,0.004
2.4,0.44888,0.33177,0.18782,0.746,-0.666,-0.012,0.004
2.45,0.4558,0.32976,0.18108,0.746,-0.666,-0.012,0.004
2.5,0.46278,0.32769,0.1744,0.746,-0.666,-0.012,0.004
2.55,0.46984,0.32557,0.16778,0.746,-0.666,-0.012,0.004
2.6,0.47695,0.3234,0.16123,0.746,-0.666,-0.012,0.004
2.65,0.48412,0.32118,0.15476,0.746,-0.666,-0.012,0.004
2.7,0.49135,0.31891,0.14838,0.746,-0.666,-0.012,0.004
2.75,0.49862,0.3166,0.1421,0.746,-0.666,-0.012,0.004
2.8,0.50593,0.31424,0.13594,0.746,-0.666,-0.012,0.004
2.85,0.51328,0.31183,0.1299,0.746,-0.666,-0.012,0.004
2.9,0.52066,0.30939,0.124,0.746,-0.666,-0.012,0.004
2.95,0.52806,0.30691,0.11825,0.746,-0.666,-0.012,0.004
3,0.53548,0.30439,0.11265,0.746,-0.666,-0.012,0.004
3.05,0.54292,0.30184,0.10722,0.746,-0.666,-0.012,0.004
3.1,0.55035,0.29927,0.10198,0.746,-0.666,-0.012,0.004
3.15,0.55778,0.29666,0.09693,0.746,-0.666,-0.012,0.004
3.2,0.5652,0.29403,0.092088,0.746,-0.666,-0.012,0.004
3.25,0.57259,0.29139,0.087465,0.746,-0.666,-0.012,0.004
3.3,0.57994,0.28873,0.083071,0.746,-0.666,-0.012,0.004
3.35,0.58725,0.28606,0.078916,0.746,-0.666,-0.012,0.004
3.4,0.5945,0.28339,0.075005,0.746,-0.666,-0.012,0.004
3.45,0.60168,0.28072,0.071345,0.746,-0.666,-0.012,0.004
3.5,0.60878,0.27806,0.067936,0.746,-0.666,-0.012,0.004
3.55,0.61577,0.2754,0.064777,0.746,-0.666,-0.012,0.004
3.6,0.62266,0.27276,0.061865,0.746,-0.666,-0.012,0.004
3.65,0.62943,0.27014,0.059194,0.746,-0.666,-0.012,0.004
3.7,0.63607,0.26753,0.056754,0.746,-0.666,-0.012,0.004
3.75,0.64257,0.26494,0.054535,0.746,-0.666,-0.012,0.004
3.8,0.64892,0.26237,0.052526,0.746,-0.666,-0.012,0.004
3.85,0.65511,0.25983,0.050713,0.746,-0.666,-0.012,0.004
3.9,0.66113,0.2573,0.049081,0.746,-0.666,-0.012,0.004
3.95,0.66698,0.2548,0.047616,0.746,-0.666,-0.012,0.004
4,0.67266,0.25231,0.046304,0.746,-0.666,-0.012,0.004
4.05,0.67815,0.24984,0.045129,0.746,-0.666,-0.012,0.004
4.1,0.68346,0.24739,0.044075,0.746,-0.666,-0.012,0.004
4.15,0.68857,0.24495,0.043127,0.746,-0.666,-0.012,0.004
4.2,0.69348,0.24252,0.04227,0.746,-0.666,-0.012,0.004
4.25,0.69819,0.24011,0.041488,0.746,-0.666,-0.012,0.004
4.3,0.70269,0.2377,0.040767,0.746,-0.666,-0.012,0.004
4.35,0.70698,0.2353,0.04009,0.746,-0.666,-0.012,0.004
4.4,0.71106,0.2329,0.039441,0.746,-0.666,-0.012,0.004
4.45,0.71491,0.2305,0.038803,0.746,-0.666,-0.012,0.004
4.5,0.71854,0.2281,0.038161,0.746,-0.666,-0.012,0.004
4.55,0.72194,0.22569,0.037501,0.746,-0.666,-0.012,0.004
4.6,0.72512,0.22328,0.036816,0.746,-0.666,-0.012,0.004
4.65,0.7281,0.22086,0.0361,0.746,-0.666,-0.012,0.004
4.7,0.73087,0.21843,0.035355,0.746,-0.666,-0.012,0.004
4.75,0.73346,0.216,0.03458,0.746,-0.666,-0.012,0.004
4.8,0.73589,0.21356,0.033778,0.746,-0.666,-0.012,0.004
4.85,0.73816,0.21112,0.032949,0.746,-0.666,-0.012,0.004
4.9,0.74028,0.20867,0.032096,0.746,-0.666,-0.012,0.004
4.95,0.74228,0.20622,0.031217,0.746,-0.666,-0.012,0.004
5,0.74416,0.20377,0.030312,0.746,-0.666,-0.012,0.004
