0.05,0.37827,0.10125,0.2016,0.746,-0.666,-0.012,0.004
0.1,0.37895,0.10164,0.20255,0.746,-0.666,-0.012,0.004
0.15,0.37963,0.10208,0.20341,0.746,-0.666,-0.012,0.004
0.2,0.3803,0.10259,0.20417,0.746,-0.666,-0.012,0.004
0.25,0.38098,0.10317,0.20484,0.746,-0.666,-0.012,0.004
0.3,0.38166,0.10383,0.20539,0.746,-0.666,-0.012,0.004
0.35,0.38237,0.10457,0.20582,0.746,-0.666,-0.012,0.004
0.4,0.3831,0.10541,0.20611,0.746,-0.666,-0.012,0.004
0.45,0.38386,0.10636,0.20626,0.746,-0.666,-0.012,0.004
0.5,0.38468,0.10743,0.20625,0.746,-0.666,-0.012,0.004
0.55,0.38557,0.10861,0.20608,0.746,-0.666,-0.012,0.004
0.6,0.38654,0.10991,0.20573,0.746,-0.666,-0.012,0.004
0.65,0.3876,0.11132,0.2052,0.746,-0.666,-0.012,0.004
0.7,0.38876,0.11283,0.2045,0.746,-0.666,-0.012,0.004
0.75,0.39004,0.11443,0.20362,0.746,-0.666,-0.012,0.004
0.8,0.39143,0.11612,0.20256,0.746,-0.666,-0.012,0.004
0.85,0.39294,0.11788,0.20131,0.746,-0.666,-0.012,0.004
0.9,0.39458,0.11972,0.19988,0.746,-0.666,-0.012,0.004
0.95,0.39634,0.12161,0.19826,0.746,-0.666,-0.012,0.004
1,0.39823,0.12355,0.19645,0.746,-0.666,-0.012,0.004
1.05,0.40027,0.12554,0.19446,0.746,-0.666,-0.012,0.004
1.1,0.40244,0.12757,0.19226,0.746,-0.666,-0.012,0.004
1.15,0.40476,0.12962,0.18988,0.746,-0.666,-0.012,0.004
1.2,0.40723,0.13169,0.1873,0.746,-0.666,-0.012,0.004
1.25,0.40985,0.13377,0.18453,0.746,-0.666,-0.012,0.004
1.3,0.41263,0.13585,0.18156,0.746,-0.666,-0.012,0.004
1.35,0.41557,0.13792,0.1784,0.746,-0.666,-0.012,0.004
1.4,0.41867,0.13997,0.17505,0.746,-0.666,-0.012,0.004
1.45,0.42194,0.14199,0.17153,0.746,-0.666,-0.012,0.004
1.5,0.42537,0.14397,0.16782,0.746,-0.666,-0.012,0.004
1.55,0.42896,0.14591,0.16395,0.746,-0.666,-0.012,0.004
1.6,0.43271,0.1478,0.15991,0.746,-0.666,-0.012,0.004
1.65,0.43663,0.14963,0.15573,0.746,-0.666,-0.012,0.004
1.7,0.4407,0.1514,0.15141,0.746,-0.666,-0.012,0.004
1.75,0.44492,0.15311,0.14698,0.746,-0.666,-0.012,0.004
1.8,0.44929,0.15475,0.14243,0.746,-0.666,-0.012,0.004
1.85,0.4538,0.15632,0.13778,0.746,-0.666,-0.012,0.004
1.9,0.45845,0.15782,0.13306,0.746,-0.666,-0.012,0.004
1.95,0.46323,0.15926,0.12826,0.746,-0.666,-0.012,0.004
2,0.46813,0.16062,0.12341,0.746,-0.666,-0.012,0.004
2.05,0.47315,0.16192,0.11851,0.746,-0.666,-0.012,0.004
2.1,0.47828,0.16316,0.11358,0.746,-0.666,-0.012,0.004
2.15,0.48352,0.16433,0.10863,0.746,-0.666,-0.012,0.004
2.2,0.48887,0.16543,0.10366,0.746,-0.666,-0.012,0.004
2.25,0.49431,0.16648,0.0987,0.746,-0.666,-0.012,0.004
2.3,0.49984,0.16746,0.093748,0.746,-0.666,-0.012,0.004
2.35,0.50546,0.16839,0.088817,0.746,-0.666,-0.012,0.004
2.4,0.51116,0.16926,0.083916,0.746,-0.666,-0.012,0.004
2.45,0.51694,0.17007,0.079057,0.746,-0.666,-0.012,0.004
2.5,0.52279,0.17083,0.074249,0.746,-0.666,-0.012,0.004
2.55,0.52871,0.17154,0.069503,0.746,-0.666,-0.012,0.004
2.6,0.53469,0.1722,0.064828,0.746,-0.666,-0.012,0.004
2.65,0.54073,0.1728,0.060235,0.746,-0.666,-0.012,0.004
2.7,0.54681,0.17336,0.055734,0.746,-0.666,-0.012,0.004
2.75,0.55295,0.17387,0.051335,0.746,-0.666,-0.012,0.004
2.8,0.55913,0.17434,0.04705,0.746,-0.666,-0.012,0.004
2.85,0.56534,0.17477,0.042889,0.746,-0.666,-0.012,0.004
2.9,0.57158,0.17515,0.038863,0.746,-0.666,-0.012,0.004
2.95,0.57785,0.1755,0.034984,0.746,-0.666,-0.012,0.004
3,0.58414,0.17581,0.031263,0.746,-0.666,-0.012,0.004
3.05,0.59043,0.17609,0.027713,0.746,-0.666,-0.012,0.004
3.1,0.59673,0.17634,0.024346,0.746,-0.666,-0.012,0.004
3.15,0.60303,0.17656,0.021173,0.746,-0.666,-0.012,0.004
3.2,0.60931,0.17676,0.018208,0.746,-0.666,-0.012,0.004
3.25,0.61556,0.17694,0.015462,0.746,-0.666,-0.012,0.004
3.3,0.62178,0.17711,0.012945,0.746,-0.666,-0.012,0.004
3.35,0.62795,0.17727,0.010665,0.746,-0.666,-0.012,0.004
3.4,0.63407,0.17743,0.0086315,0.746,-0.666,-0.012,0.004
3.45,0.64011,0.17758,0.0068473,0.746,-0.666,-0.012,0.004
3.5,0.64607,0.17775,0.0053146,0.746,-0.666,-0.012,0.004
3.55,0.65193,0.17792,0.0040325,0.746,-0.666,-0.012,0.004
3.6,0.65769,0.17811,0.0029971,0.746,-0.666,-0.012,0.004
3.65,0.66332,0.17831,0.0022021,0.746,-0.666,-0.012,0.004
3.7,0.66882,0.17853,0.0016388,0.746,-0.666,-0.012,0.004
3.75,0.67418,0.17877,0.0012968,0.746,-0.666,-0.012,0.004
3.8,0.6794,0.17903,0.0011638,0.746,-0.666,-0.012,0.004
3.85,0.68445,0.17932,0.0012268,0.746,-0.666,-0.012,0.004
3.9,0.68934,0.17962,0.0014716,0.746,-0.666,-0.012,0.004
3.95,0.69406,0.17994,0.0018836,0.746,-0.666,-0.012,0.004
4,0.6986,0.18028,0.0024477,0.746,-0.666,-0.012,0.004
4.05,0.70295,0.18064,0.0031487,0.746,-0.666,-0.012,0.004
4.1,0.70712,0.18101,0.0039712,0.746,-0.666,-0.012,0.004
4.15,0.7111,0.1814,0.0048998,0.746,-0.666,-0.012,0.004
4.2,0.71487,0.1818,0.0059193,0.746,-0.666,-0.012,0.004
4.25,0.71845,0.18221,0.0070143,0.746,-0.666,-0.012,0.004
4.3,0.72181,0.18263,0.0081693,0.746,-0.666,-0.012,0.004
4.35,0.72497,0.18306,0.0093688,0.746,-0.666,-0.012,0.004
4.4,0.72791,0.18349,0.010596,0.746,-0.666,-0.012,0.004
4.45,0.73063,0.18392,0.011835,0.746,-0.666,-0.012,0.004
4.5,0.73312,0.18434,0.013069,0.746,-0.666,-0.012,0.004
4.55,0.73539,0.18476,0.014286,0.746,-0.666,-0.012,0.004
4.6,0.73743,0.18518,0.015477,0.746,-0.666,-0.012,0.004
4.65,0.73927,0.18559,0.016638,0.746,-0.666,-0.012,0.004
4.7,0.74091,0.18599,0.017769,0.746,-0.666,-0.012,0.004
4.75,0.74236,0.18638,0.01887,0.746,-0.666,-0.012,0.004
4.8,0.74365,0.18677,0.019945,0.746,-0.666,-0.012,0.004
4.85,0.74479,0.18716,0.020993,0.746,-0.666,-0.012,0.004
4.9,0.74578,0.18754,0.022016,0.746,-0.666,-0.012,0.004
4.95,0.74664,0.18792,0.023014,0.746,-0.666,-0.012,0.004
5,0.74738,0.18829,0.023985,0.746,-0.666,-0.012,0.004
