0.05,0.56666,-0.06039,0.47246,0.746,-0.666,-0.012,0.004
0.1,0.56545,-0.058508,0.47075,0.746,-0.666,-0.012,0.004
0.15,0.56424,-0.056568,0.46895,0.746,-0.666,-0.012,0.004
0.2,0.56303,-0.054565,0.46706,0.746,-0.666,-0.012,0.004
0.25,0.56182,-0.052492,0.46507,0.746,-0.666,-0.012,0.004
0.3,0.56062,-0.05034,0.46297,0.746,-0.666,-0.012,0.004
0.35,0.55944,-0.048099,0.46075,0.746,-0.666,-0.012,0.004
0.4,0.55828,-0.045761,0.45839,0.746,-0.666,-0.012,0.004
0.45,0.55716,-0.043315,0.45588,0.746,-0.666,-0.012,0.004
0.5,0.5561,-0.040755,0.45322,0.746,-0.666,-0.012,0.004
0.55,0.5551,-0.038077,0.45038,0.746,-0.666,-0.012,0.004
0.6,0.55418,-0.035284,0.44738,0.746,-0.666,-0.012,0.004
0.65,0.55335,-0.03238,0.4442,0.746,-0.666,-0.012,0.004
0.7,0.55263,-0.029375,0.44084,0.746,-0.666,-0.012,0.004
0.75,0.55202,-0.026277,0.43731,0.746,-0.666,-0.012,0.004
0.8,0.55152,-0.023094,0.43359,0.746,-0.666,-0.012,0.004
0.85,0.55115,-0.019835,0.42969,0.746,-0.666,-0.012,0.004
0.9,0.5509,-0.016508,0.4256,0.746,-0.666,-0.012,0.004
0.95,0.55077,-0.013119,0.42133,0.746,-0.666,-0.012,0.004
1,0.55078,-0.0096784,0.41687,0.746,-0.666,-0.012,0.004
1.05,0.55093,-0.0061931,0.41222,0.746,-0.666,-0.012,0.004
1.1,0.55122,-0.0026721,0.40737,0.746,-0.666,-0.012,0.004
1.15,0.55165,0.00087568,0.40233,0.746,-0.666,-0.012,0.004
1.2,0.55224,0.0044413,0.3971,0.746,-0.666,-0.012,0.004
1.25,0.55297,0.0080154,0.39167,0.746,-0.666,-0.012,0.004
1.3,0.55386,0.011589,0.38604,0.746,-0.666,-0.012,0.004
1.35,0.55492,0.015152,0.38023,0.746,-0.666,-0.012,0.004
1.4,0.55613,0.018696,0.37423,0.746,-0.666,-0.012,0.004
1.45,0.55751,0.022212,0.36805,0.746,-0.666,-0.012,0.004
1.5,0.55905,0.025692,0.36169,0.746,-0.666,-0.012,0.004
1.55,0.56076,0.029127,0.35516,0.746,-0.666,-0.012,0.004
1.6,0.56263,0.032511,0.34847,0.746,-0.666,-0.012,0.004
1.65,0.56465,0.035838,0.34163,0.746,-0.666,-0.012,0.004
1.7,0.56684,0.039104,0.33466,0.746,-0.666,-0.012,0.004
1.75,0.56917,0.042306,0.32757,0.746,-0.666,-0.012,0.004
1.8,0.57166,0.045441,0.32036,0.746,-0.666,-0.012,0.004
1.85,0.57428,0.048507,0.31307,0.746,-0.666,-0.012,0.004
1.9,0.57704,0.051505,0.30568,0.746,-0.666,-0.012,0.004
1.95,0.57993,0.054434,0.29823,0.746,-0.666,-0.012,0.004
2,0.58295,0.057296,0.29072,0.746,-0.666,-0.012,0.004
2.05,0.58608,0.06009,0.28317,0.746,-0.666,-0.012,0.004
2.1,0.58933,0.062819,0.27559,0.746,-0.666,-0.012,0.004
2.15,0.59269,0.065484,0.26798,0.746,-0.666,-0.012,0.004
2.2,0.59614,0.068085,0.26036,0.746,-0.666,-0.012,0.004
2.25,0.5997,0.070626,0.25274,0.746,-0.666,-0.012,0.004
2.3,0.60334,0.073106,0.24514,0.746,-0.666,-0.012,0.004
2.35,0.60708,0.075527,0.23755,0.746,-0.666,-0.012,0.004
2.4,0.61089,0.077892,0.22999,0.746,-0.666,-0.012,0.004
2.45,0.61478,0.080201,0.22248,0.746,-0.666,-0.012,0.004
2.5,0.61875,0.082456,0.21502,0.746,-0.666,-0.012,0.004
2.55,0.62278,0.084658,0.20762,0.746,-0.666,-0.012,0.004
2.6,0.62687,0.08681,0.20029,0.746,-0.666,-0.012,0.004
2.65,0.63102,0.088912,0.19304,0.746,-0.666,-0.012,0.004
2.7,0.63523,0.090966,0.18588,0.746,-0.666,-0.012,0.004
2.75,0.63947,0.092974,0.17883,0.746,-0.666,-0.012,0.004
2.8,0.64376,0.094937,0.17189,0.746,-0.666,-0.012,0.004
2.85,0.64809,0.096858,0.16507,0.746,-0.666,-0.012,0.004
2.9,0.65245,0.098738,0.15839,0.746,-0.666,-0.012,0.004
2.95,0.65683,0.10058,0.15186,0.746,-0.666,-0.012,0.004
3,0.66123,0.10239,0.14548,0.746,-0.666,-0.012,0.004
3.05,0.66564,0.10416,0.13928,0.746,-0.666,-0.012,0.004
3.1,0.67005,0.1059,0.13325,0.746,-0.666,-0.012,0.004
3.15,0.67446,0.10762,0.12743,0.746,-0.666,-0.012,0.004
3.2,0.67885,0.10932,0.12181,0.746,-0.666,-0.012,0.004
3.25,0.68322,0.11099,0.1164,0.746,-0.666,-0.012,0.004
3.3,0.68755,0.11266,0.11123,0.746,-0.666,-0.012,0.004
3.35,0.69184,0.11431,0.1063,0.746,-0.666,-0.012,0.004
3.4,0.69607,0.11597,0.10161,0.746,-0.666,-0.012,0.004
3.45,0.70022,0.11762,0.09717,0.746,-0.666,-0.012,0.004
3.5,0.7043,0.11928,0.092982,0.746,-0.666,-0.012,0.004
3.55,0.70827,0.12095,0.089045,0.746,-0.666,-0.012,0.004
3.6,0.71214,0.12263,0.085354,0.746,-0.666,-0.012,0.004
3.65,0.71588,0.12433,0.081904,0.746,-0.666,-0.012,0.004
3.7,0.7195,0.12604,0.078686,0.746,-0.666,-0.012,0.004
3.75,0.72298,0.12778,0.075689,0.746,-0.666,-0.012,0.004
3.8,0.7263,0.12954,0.072901,0.746,-0.666,-0.012,0.004
3.85,0.72947,0.13131,0.070309,0.746,-0.666,-0.012,0.004
3.9,0.73247,0.13311,0.067898,0.746,-0.666,-0.012,0.004
3.95,0.7353,0.13493,0.065655,0.746,-0.666,-0.012,0.004
4,0.73796,0.13677,0.063564,0.746,-0.666,-0.012,0.004
4.05,0.74042,0.13862,0.06161,0.746,-0.666,-0.012,0.004
4.1,0.74271,0.14049,0.059777,0.746,-0.666,-0.012,0.004
4.15,0.74479,0.14237,0.058051,0.746,-0.666,-0.012,0.004
4.2,0.74668,0.14427,0.056415,0.746,-0.666,-0.012,0.004
4.25,0.74837,0.14618,0.054855,0.746,-0.666,-0.012,0.004
4.3,0.74985,0.14809,0.053355,0.746,-0.666,-0.012,0.004
4.35,0.75112,0.15001,0.0519,0.746,-0.666,-0.012,0.004
4.4,0.75217,0.15194,0.050472,0.746,-0.666,-0.012,0.004
4.45,0.75301,0.15386,0.049056,0.746,-0.666,-0.012,0.004
4.5,0.75361,0.15578,0.047635,0.746,-0.666,-0.012,0.004
4.55,0.75399,0.1577,0.046197,0.746,-0.666,-0.012,0.004
4.6,0.75415,0.15961,0.044732,0.746,-0.666,-0.012,0.004
4.65,0.7541,0.16151,0.043238,0.746,-0.666,-0.012,0.004
4.7,0.75385,0.16341,0.041714,0.746,-0.666,-0.012,0.004
4.75,0.75342,0.1653,0.04016,0.746,-0.666,-0.012,0.004
4.8,0.75282,0.16718,0.03858,0.746,-0.666,-0.012,0.004
4.85,0.75207,0.16907,0.036973,0.746,-0.666,-0.012,0.004
4.9,0.75117,0.17094,0.035341,0.746,-0.666,-0.012,0.004
4.95,0.75015,0.17281,0.033683,0.746,-0.666,-0.012,0.004
5,0.74901,0.17468,0.031999,0.746,-0.666,-0.012,0.004
