0.05,0.49727,0.50472,0.1371,0.746,-0.666,-0.012,0.004
0.1,0.4967,0.5012,0.1388,0.746,-0.666,-0.012,0.004
0.15,0.49613,0.49773,0.1404,0.746,-0.666,-0.012,0.004
0.2,0.49555,0.49433,0.14192,0.746,-0.666,-0.012,0.004
0.25,0.49497,0.49099,0.14333,0.746,-0.666,-0.012,0.004
0.3,0.49441,0.48774,0.14464,0.746,-0.666,-0.012,0.004
0.35,0.49386,0.48457,0.14581,0.746,-0.666,-0.012,0.004
0.4,0.49334,0.48151,0.14686,0.746,-0.666,-0.012,0.004
0.45,0.49285,0.47855,0.14775,0.746,-0.666,-0.012,0.004
0.5,0.49242,0.4757,0.14849,0.746,-0.666,-0.012,0.004
0.55,0.49206,0.47297,0.14907,0.746,-0.666,-0.012,0.004
0.6,0.49177,0.47036,0.14947,0.746,-0.666,-0.012,0.004
0.65,0.49158,0.46786,0.14969,0.746,-0.666,-0.012,0.004
0.7,0.49149,0.46546,0.14974,0.746,-0.666,-0.012,0.004
0.75,0.49152,0.46315,0.1496,0.746,-0.666,-0.012,0.004
0.8,0.49166,0.46092,0.14929,0.746,-0.666,-0.012,0.004
0.85,0.49192,0.45878,0.14879,0.746,-0.666,-0.012,0.004
0.9,0.4923,0.4567,0.14811,0.746,-0.666,-0.012,0.004
0.95,0.49281,0.45468,0.14724,0.746,-0.666,-0.012,0.004
1,0.49346,0.45272,0.14618,0.746,-0.666,-0.012,0.004
1.05,0.49424,0.4508,0.14493,0.746,-0.666,-0.012,0.004
1.1,0.49516,0.44891,0.14349,0.746,-0.666,-0.012,0.004
1.15,0.49623,0.44705,0.14185,0.746,-0.666,-0.012,0.004
1.2,0.49744,0.44521,0.14002,0.746,-0.666,-0.012,0.004
1.25,0.49882,0.44338,0.138,0.746,-0.666,-0.012,0.004
1.3,0.50034,0.44155,0.13578,0.746,-0.666,-0.012,0.004
1.35,0.50203,0.4397,0.13337,0.746,-0.666,-0.012,0.004
1.4,0.50388,0.43784,0.13077,0.746,-0.666,-0.012,0.004
1.45,0.50589,0.43595,0.12799,0.746,-0.666,-0.012,0.004
1.5,0.50807,0.43402,0.12504,0.746,-0.666,-0.012,0.004
1.55,0.51041,0.43205,0.12191,0.746,-0.666,-0.012,0.004
1.6,0.51291,0.43003,0.11863,0.746,-0.666,-0.012,0.004
1.65,0.51558,0.42795,0.11519,0.746,-0.666,-0.012,0.004
1.7,0.51839,0.42581,0.11163,0.746,-0.666,-0.012,0.004
1.75,0.52137,0.42361,0.10794,0.746,-0.666,-0.012,0.004
1.8,0.52448,0.42134,0.10414,0.746,-0.666,-0.012,0.004
1.85,0.52774,0.419,0.10024,0.746,-0.666,-0.012,0.004
1.9,0.53114,0.41659,0.096262,0.746,-0.666,-0.012,0.004
1.95,0.53466,0.41411,0.092215,0.746,-0.666,-0.012,0.004
2,0.53831,0.41157,0.08811,0.746,-0.666,-0.012,0.004
2.05,0.54208,0.40896,0.083962,0.746,-0.666,-0.012,0.004
2.1,0.54596,0.40628,0.07978,0.746,-0.666,-0.012,0.004
2.15,0.54995,0.40354,0.075576,0.746,-0.666,-0.012,0.004
2.2,0.55405,0.40073,0.071362,0.746,-0.666,-0.012,0.004
2.25,0.55824,0.39787,0.067148,0.746,-0.666,-0.012,0.004
2.3,0.56252,0.39494,0.062945,0.746,-0.666,-0.012,0.004
2.35,0.56688,0.39196,0.058762,0.746,-0.666,-0.012,0.004
2.4,0.57133,0.38891,0.05461,0.746,-0.666,-0.012,0.004
2.45,0.57586,0.38582,0.0505,0.746,-0.666,-0.012,0.004
2.5,0.58046,0.38267,0.046441,0.746,-0.666,-0.012,0.004
2.55,0.58513,0.37946,0.042443,0.746,-0.666,-0.012,0.004
2.6,0.58985,0.37621,0.038517,0.746,-0.666,-0.012,0.004
2.65,0.59464,0.3729,0.034673,0.746,-0.666,-0.012,0.004
2.7,0.59948,0.36955,0.03092,0.746,-0.666,-0.012,0.004
2.75,0.60436,0.36615,0.027271,0.746,-0.666,-0.012,0.004
2.8,0.60929,0.36271,0.023734,0.746,-0.666,-0.012,0.004
2.85,0.61425,0.35922,0.020322,0.746,-0.666,-0.012,0.004
2.9,0.61924,0.3557,0.017045,0.746,-0.666,-0.012,0.004
2.95,0.62425,0.35213,0.013914,0.746,-0.666,-0.012,0.004
3,0.62929,0.34853,0.010942,0.746,-0.666,-0.012,0.004
3.05,0.63433,0.3449,0.0081408,0.746,-0.666,-0.012,0.004
3.1,0.63938,0.34124,0.0055222,0.746,-0.666,-0.012,0.004
3.15,0.64442,0.33755,0.0030987,0.746,-0.666,-0.012,0.004
3.2,0.64945,0.33384,0.00088232,0.746,-0.666,-0.012,0.004
3.25,0.65445,0.33011,-0.0011153,0.746,-0.666,-0.012,0.004
3.3,0.65942,0.32637,-0.0028838,0.746,-0.666,-0.012,0.004
3.35,0.66435,0.32262,-0.0044141,0.746,-0.666,-0.012,0.004
3.4,0.66921,0.31886,-0.0056993,0.746,-0.666,-0.012,0.004
3.45,0.674,0.31511,-0.0067347,0.746,-0.666,-0.012,0.004
3.5,0.67871,0.31136,-0.0075187,0.746,-0.666,-0.012,0.004
3.55,0.68332,0.30762,-0.008052,0.746,-0.666,-0.012,0.004
3.6,0.68782,0.3039,-0.0083387,0.746,-0.666,-0.012,0.004
3.65,0.6922,0.30019,-0.0083849,0.746,-0.666,-0.012,0.004
3.7,0.69645,0.2965,-0.0081994,0.746,-0.666,-0.012,0.004
3.75,0.70056,0.29283,-0.0077927,0.746,-0.666,-0.012,0.004
3.8,0.70452,0.28918,-0.0071769,0.746,-0.666,-0.012,0.004
3.85,0.70832,0.28555,-0.0063652,0.746,-0.666,-0.012,0.004
3.9,0.71196,0.28194,-0.0053716,0.746,-0.666,-0.012,0.004
3.95,0.71543,0.27836,-0.0042109,0.746,-0.666,-0.012,0.004
4,0.71872,0.27479,-0.002898,0.746,-0.666,-0.012,0.004
4.05,0.72182,0.27123,-0.0014483,0.746,-0.666,-0.012,0.004
4.1,0.72474,0.2677,0.000123,0.746,-0.666,-0.012,0.004
4.15,0.72746,0.26417,0.0018004,0.746,-0.666,-0.012,0.004
4.2,0.72998,0.26066,0.0035686,0.746,-0.666,-0.012,0.004
4.25,0.73231,0.25716,0.0054124,0.746,-0.666,-0.012,0.004
4.3,0.73442,0.25367,0.0073162,0.746,-0.666,-0.012,0.004
4.35,0.73633,0.25019,0.0092644,0.746,-0.666,-0.012,0.004
4.4,0.73801,0.2467,0.011241,0.746,-0.666,-0.012,0.004
4.45,0.73948,0.24322,0.013228,0.746,-0.666,-0.012,0.004
4.5,0.74072,0.23974,0.015211,0.746,-0.666,-0.012,0.004
4.55,0.74174,0.23625,0.017177,0.746,-0.666,-0.012,0.004
4.6,0.74253,0.23275,0.019116,0.746,-0.666,-0.012,0.004
4.65,0.74311,0.22925,0.021026,0.746,-0.666,-0.012,0.004
4.7,0.7435,0.22574,0.022906,0.746,-0.666,-0.012,0.004
4.75,0.74371,0.22222,0.024756,0.746,-0.666,-0.012,0.004
4.8,0.74374,0.2187,0.026579,0.746,-0.666,-0.012,0.004
4.85,0.74362,0.21518,0.028376,0.746,-0.666,-0.012,0.004
4.9,0.74337,0.21165,0.030148,0.746,-0.666,-0.012,0.004
4.95,0.74298,0.20811,0.031894,0.746,-0.666,-0.012,0.004
5,0.74247,0.20457,0.033614,0.746,-0.666,-0.012,0.004
