0.05,0.49262,-0.27976,0.46378,0.998,0.065,-0.013,-0.018
0.1,0.50033,-0.2677,0.45633,0.998,0.065,-0.013,-0.018
0.15,0.5083,-0.25558,0.44877,0.998,0.065,-0.013,-0.018
0.2,0.51655,-0.24345,0.44109,0.998,0.065,-0.013,-0.018
0.25,0.52509,-0.23135,0.43324,0.998,0.065,-0.013,-0.018
0.3,0.53393,-0.2193,0.42521,0.998,0.065,-0.013,-0.018
0.35,0.5431,-0.20729,0.41695,0.998,0.065,-0.013,-0.018
0.4,0.55261,-0.19532,0.40841,0.998,0.065,-0.013,-0.018
0.45,0.56249,-0.18338,0.39951,0.998,0.065,-0.013,-0.018
0.5,0.57272,-0.17148,0.3902,0.998,0.065,-0.013,-0.018
0.55,0.58327,-0.15963,0.38039,0.998,0.065,-0.013,-0.018
0.6,0.59409,-0.14791,0.37007,0.998,0.065,-0.013,-0.018
0.65,0.60508,-0.1364,0.35928,0.998,0.065,-0.013,-0.018
0.7,0.61618,-0.12523,0.34808,0.998,0.065,-0.013,-0.018
0.75,0.62732,-0.1145,0.33656,0.998,0.065,-0.013,-0.018
0.8,0.63841,-0.10432,0.32479,0.998,0.065,-0.013,-0.018
0.85,0.64939,-0.094792,0.31279,0.998,0.065,-0.013,-0.018
0.9,0.66014,-0.086007,0.30062,0.998,0.065,-0.013,-0.018
0.95,0.67054,-0.078056,0.2883,0.998,0.065,-0.013,-0.018
1,0.68045,-0.071,0.27592,0.998,0.065,-0.013,-0.018
1.05,0.68971,-0.064858,0.26359,0.998,0.065,-0.013,-0.018
1.1,0.69822,-0.059604,0.25146,0.998,0.065,-0.013,-0.018
1.15,0.7059,-0.055202,0.23964,0.998,0.065,-0.013,-0.018
1.2,0.71271,-0.051615,0.22828,0.998,0.065,-0.013,-0.018
1.25,0.71864,-0.048804,0.21747,0.998,0.065,-0.013,-0.018
1.3,0.7237,-0.046716,0.2073,0.998,0.065,-0.013,-0.018
1.35,0.72792,-0.045278,0.19786,0.998,0.065,-0.013,-0.018
1.4,0.73136,-0.044389,0.18921,0.998,0.065,-0.013,-0.018
1.45,0.73407,-0.043926,0.18142,0.998,0.065,-0.013,-0.018
1.5,0.73613,-0.043758,0.17453,0.998,0.065,-0.013,-0.018
1.55,0.73761,-0.04376,0.16862,0.998,0.065,-0.013,-0.018
1.6,0.7386,-0.043811,0.16375,0.998,0.065,-0.013,-0.018
1.65,0.73916,-0.043791,0.16004,0.998,0.065,-0.013,-0.018
1.7,0.73932,-0.043646,0.15741,0.998,0.065,-0.013,-0.018
1.75,0.73907,-0.043318,0.15578,0.998,0.065,-0.013,-0.018
1.8,0.73843,-0.042746,0.15509,0.998,0.065,-0.013,-0.018
1.85,0.73738,-0.041858,0.15531,0.998,0.065,-0.013,-0.018
1.9,0.73588,-0.04057,0.15639,0.998,0.065,-0.013,-0.018
1.95,0.73389,-0.03878,0.15829,0.998,0.065,-0.013,-0.018
2,0.73135,-0.036371,0.16092,0.998,0.065,-0.013,-0.018
2.05,0.72818,-0.033215,0.16415,0.998,0.065,-0.013,-0.018
2.1,0.72435,-0.0292,0.16773,0.998,0.065,-0.013,-0.018
2.15,0.71988,-0.024271,0.17134,0.998,0.065,-0.013,-0.018
2.2,0.71485,-0.018466,0.17456,0.998,0.065,-0.013,-0.018
2.25,0.70933,-0.01191,0.17704,0.998,0.065,-0.013,-0.018
2.3,0.70339,-0.0047738,0.17853,0.998,0.065,-0.013,-0.018
2.35,0.69714,0.002755,0.17888,0.998,0.065,-0.013,-0.018
2.4,0.69071,0.010495,0.17804,0.998,0.065,-0.013,-0.018
2.45,0.68419,0.018278,0.17601,0.998,0.065,-0.013,-0.018
2.5,0.67771,0.025959,0.17285,0.998,0.065,-0.013,-0.018
2.55,0.67134,0.033413,0.1686,0.998,0.065,-0.013,-0.018
2.6,0.66516,0.040537,0.16332,0.998,0.065,-0.013,-0.018
2.65,0.65922,0.047244,0.15707,0.998,0.065,-0.013,-0.018
2.7,0.6536,0.053457,0.14989,0.998,0.065,-0.013,-0.018
2.75,0.64833,0.059112,0.14191,0.998,0.065,-0.013,-0.018
2.8,0.64349,0.064153,0.13326,0.998,0.065,-0.013,-0.018
2.85,0.63913,0.068557,0.12421,0.998,0.065,-0.013,-0.018
2.9,0.6353,0.072348,0.11513,0.998,0.065,-0.013,-0.018
2.95,0.63203,0.07561,0.10648,0.998,0.065,-0.013,-0.018
3,0.6293,0.07843,0.098648,0.998,0.065,-0.013,-0.018
3.05,0.62709,0.08086,0.091932,0.998,0.065,-0.013,-0.018
3.1,0.62537,0.082919,0.086521,0.998,0.065,-0.013,-0.018
3.15,0.62409,0.084628,0.082522,0.998,0.065,-0.013,-0.018
3.2,0.62319,0.086037,0.079948,0.998,0.065,-0.013,-0.018
3.25,0.62257,0.087249,0.078722,0.998,0.065,-0.013,-0.018
3.3,0.62213,0.088424,0.07869,0.998,0.065,-0.013,-0.018
3.35,0.62188,0.089641,0.079826,0.998,0.065,-0.013,-0.018
3.4,0.62182,0.090991,0.082074,0.998,0.065,-0.013,-0.018
3.45,0.62193,0.092563,0.085366,0.998,0.065,-0.013,-0.018
3.5,0.6222,0.094437,0.089623,0.998,0.065,-0.013,-0.018
3.55,0.62263,0.09668,0.094755,0.998,0.065,-0.013,-0.018
3.6,0.62319,0.099342,0.10066,0.998,0.065,-0.013,-0.018
3.65,0.62387,0.10245,0.1072,0.998,0.065,-0.013,-0.018
3.7,0.62462,0.10601,0.11423,0.998,0.065,-0.013,-0.018
3.75,0.6254,0.10998,0.12154,0.998,0.065,-0.013,-0.018
3.8,0.6261,0.11429,0.1289,0.998,0.065,-0.013,-0.018
3.85,0.62663,0.11883,0.13608,0.998,0.065,-0.013,-0.018
3.9,0.6269,0.12351,0.14289,0.998,0.065,-0.013,-0.018
3.95,0.62687,0.12825,0.14921,0.998,0.065,-0.013,-0.018
4,0.62648,0.13297,0.15497,0.998,0.065,-0.013,-0.018
4.05,0.62573,0.13761,0.16009,0.998,0.065,-0.013,-0.018
4.1,0.62461,0.14213,0.16453,0.998,0.065,-0.013,-0.018
4.15,0.62311,0.14649,0.16824,0.998,0.065,-0.013,-0.018
4.2,0.62126,0.15063,0.17121,0.998,0.065,-0.013,-0.018
4.25,0.61905,0.15453,0.17344,0.998,0.065,-0.013,-0.018
4.3,0.61651,0.15817,0.17501,0.998,0.065,-0.013,-0.018
4.35,0.61363,0.16154,0.17598,0.998,0.065,-0.013,-0.018
4.4,0.61042,0.16463,0.17645,0.998,0.065,-0.013,-0.018
4.45,0.60687,0.16746,0.17651,0.998,0.065,-0.013,-0.018
4.5,0.60298,0.17003,0.17622,0.998,0.065,-0.013,-0.018
4.55,0.59874,0.17236,0.17564,0.998,0.065,-0.013,-0.018
4.6,0.59415,0.17447,0.17485,0.998,0.065,-0.013,-0.018
4.65,0.58922,0.1764,0.17386,0.998,0.065,-0.013,-0.018
4.7,0.58396,0.17819,0.17269,0.998,0.065,-0.013,-0.018
4.75,0.57838,0.17988,0.17131,0.998,0.065,-0.013,-0.018
4.8,0.5725,0.18152,0.16968,0.998,0.065,-0.013,-0.018
4.85,0.56636,0.18311,0.16774,0.998,0.065,-0.013,-0.018
4.9,0.56001,0.18469,0.16544,0.998,0.065,-0.013,-0.018
4.95,0.5535,0.18623,0.16274,0.998,0.065,-0.013,-0.018
5,0.54695,0.1877,0.15963,0.998,0.065,-0.013,-0.018
