0.05,0.34466,-0.18591,0.57903,0.998,0.065,-0.013,-0.018
0.1,0.35854,-0.19322,0.57364,0.998,0.065,-0.013,-0.018
0.15,0.37248,-0.20078,0.56815,0.998,0.065,-0.013,-0.018
0.2,0.38641,-0.20861,0.56253,0.998,0.065,-0.013,-0.018
0.25,0.40029,-0.21672,0.55674,0.998,0.065,-0.013,-0.018
0.3,0.41409,-0.22513,0.55076,0.998,0.065,-0.013,-0.018
0.35,0.42783,-0.23386,0.54455,0.998,0.065,-0.013,-0.018
0.4,0.44153,-0.24293,0.53805,0.998,0.065,-0.013,-0.018
0.45,0.4552,-0.25236,0.53121,0.998,0.065,-0.013,-0.018
0.5,0.46887,-0.26215,0.52396,0.998,0.065,-0.013,-0.018
0.55,0.4825,-0.27228,0.51622,0.998,0.065,-0.013,-0.018
0.6,0.49606,-0.28268,0.50796,0.998,0.065,-0.013,-0.018
0.65,0.50941,-0.2933,0.49921,0.998,0.065,-0.013,-0.018
0.7,0.52246,-0.30405,0.49003,0.998,0.065,-0.013,-0.018
0.75,0.53506,-0.31488,0.48047,0.998,0.065,-0.013,-0.018
0.8,0.54711,-0.32572,0.47059,0.998,0.065,-0.013,-0.018
0.85,0.55849,-0.33649,0.4604,0.998,0.065,-0.013,-0.018
0.9,0.56908,-0.3471,0.44991,0.998,0.065,-0.013,-0.018
0.95,0.57879,-0.35742,0.43916,0.998,0.065,-0.013,-0.018
1,0.58751,-0.36734,0.4282,0.998,0.065,-0.013,-0.018
1.05,0.5952,-0.37669,0.41715,0.998,0.065,-0.013,-0.018
1.1,0.60182,-0.38536,0.40611,0.998,0.065,-0.013,-0.018
1.15,0.60737,-0.39328,0.39523,0.998,0.065,-0.013,-0.018
1.2,0.61183,-0.40041,0.38459,0.998,0.065,-0.013,-0.018
1.25,0.61524,-0.40674,0.37431,0.998,0.065,-0.013,-0.018
1.3,0.61766,-0.41231,0.36448,0.998,0.065,-0.013,-0.018
1.35,0.61919,-0.41715,0.35519,0.998,0.065,-0.013,-0.018
1.4,0.61998,-0.42133,0.34651,0.998,0.065,-0.013,-0.018
1.45,0.6202,-0.42489,0.33854,0.998,0.065,-0.013,-0.018
1.5,0.62004,-0.42786,0.33134,0.998,0.065,-0.013,-0.018
1.55,0.61969,-0.43025,0.32501,0.998,0.065,-0.013,-0.018
1.6,0.61941,-0.43204,0.31963,0.998,0.065,-0.013,-0.018
1.65,0.61954,-0.43319,0.31536,0.998,0.065,-0.013,-0.018
1.7,0.6199,-0.43377,0.31211,0.998,0.065,-0.013,-0.018
1.75,0.62043,-0.43382,0.30984,0.998,0.065,-0.013,-0.018
1.8,0.62109,-0.43334,0.30851,0.998,0.065,-0.013,-0.018
1.85,0.62194,-0.4323,0.30811,0.998,0.065,-0.013,-0.018
1.9,0.6231,-0.43063,0.30862,0.998,0.065,-0.013,-0.018
1.95,0.62474,-0.42822,0.31002,0.998,0.065,-0.013,-0.018
2,0.62706,-0.42494,0.31224,0.998,0.065,-0.013,-0.018
2.05,0.63026,-0.42068,0.31511,0.998,0.065,-0.013,-0.018
2.1,0.63446,-0.41541,0.31841,0.998,0.065,-0.013,-0.018
2.15,0.63968,-0.40922,0.32178,0.998,0.065,-0.013,-0.018
2.2,0.64584,-0.4023,0.32488,0.998,0.065,-0.013,-0.018
2.25,0.65276,-0.39486,0.32738,0.998,0.065,-0.013,-0.018
2.3,0.66026,-0.38711,0.32909,0.998,0.065,-0.013,-0.018
2.35,0.66812,-0.37919,0.32987,0.998,0.065,-0.013,-0.018
2.4,0.6762,-0.37121,0.32964,0.998,0.065,-0.013,-0.018
2.45,0.68434,-0.36327,0.32835,0.998,0.065,-0.013,-0.018
2.5,0.69242,-0.35543,0.32597,0.998,0.065,-0.013,-0.018
2.55,0.70034,-0.34775,0.32248,0.998,0.065,-0.013,-0.018
2.6,0.70798,-0.34032,0.31787,0.998,0.065,-0.013,-0.018
2.65,0.71521,-0.33324,0.31216,0.998,0.065,-0.013,-0.018
2.7,0.72189,-0.32662,0.30539,0.998,0.065,-0.013,-0.018
2.75,0.72786,-0.32062,0.29768,0.998,0.065,-0.013,-0.018
2.8,0.73297,-0.3154,0.28921,0.998,0.065,-0.013,-0.018
2.85,0.73709,-0.31107,0.28027,0.998,0.065,-0.013,-0.018
2.9,0.74018,-0.30769,0.27127,0.998,0.065,-0.013,-0.018
2.95,0.74229,-0.30522,0.26269,0.998,0.065,-0.013,-0.018
3,0.74362,-0.30352,0.25489,0.998,0.065,-0.013,-0.018
3.05,0.74438,-0.30245,0.24812,0.998,0.065,-0.013,-0.018
3.1,0.74483,-0.30185,0.24252,0.998,0.065,-0.013,-0.018
3.15,0.74518,-0.30163,0.23817,0.998,0.065,-0.013,-0.018
3.2,0.74564,-0.30172,0.23515,0.998,0.065,-0.013,-0.018
3.25,0.74637,-0.30209,0.23353,0.998,0.065,-0.013,-0.018
3.3,0.74755,-0.30273,0.2334,0.998,0.065,-0.013,-0.018
3.35,0.74913,-0.3036,0.23459,0.998,0.065,-0.013,-0.018
3.4,0.75109,-0.30467,0.237,0.998,0.065,-0.013,-0.018
3.45,0.75343,-0.30591,0.24053,0.998,0.065,-0.013,-0.018
3.5,0.75617,-0.30733,0.24509,0.998,0.065,-0.013,-0.018
3.55,0.75935,-0.3089,0.2506,0.998,0.065,-0.013,-0.018
3.6,0.76301,-0.31062,0.25695,0.998,0.065,-0.013,-0.018
3.65,0.76717,-0.31247,0.264,0.998,0.065,-0.013,-0.018
3.7,0.77187,-0.31443,0.27159,0.998,0.065,-0.013,-0.018
3.75,0.7771,-0.31647,0.27948,0.998,0.065,-0.013,-0.018
3.8,0.78285,-0.31855,0.2874,0.998,0.065,-0.013,-0.018
3.85,0.78907,-0.32067,0.29509,0.998,0.065,-0.013,-0.018
3.9,0.79568,-0.32281,0.30232,0.998,0.065,-0.013,-0.018
3.95,0.80261,-0.32496,0.30893,0.998,0.065,-0.013,-0.018
4,0.80976,-0.32712,0.31482,0.998,0.065,-0.013,-0.018
4.05,0.81704,-0.32928,0.31997,0.998,0.065,-0.013,-0.018
4.1,0.82437,-0.33145,0.32437,0.998,0.065,-0.013,-0.018
4.15,0.83168,-0.33363,0.32808,0.998,0.065,-0.013,-0.018
4.2,0.83888,-0.33583,0.33115,0.998,0.065,-0.013,-0.018
4.25,0.84592,-0.33804,0.33365,0.998,0.065,-0.013,-0.018
4.3,0.85273,-0.34027,0.33564,0.998,0.065,-0.013,-0.018
4.35,0.85928,-0.3425,0.33716,0.998,0.065,-0.013,-0.018
4.4,0.86553,-0.34469,0.33828,0.998,0.065,-0.013,-0.018
4.45,0.87146,-0.34683,0.33901,0.998,0.065,-0.013,-0.018
4.5,0.87705,-0.34888,0.33941,0.998,0.065,-0.013,-0.018
4.55,0.88228,-0.35087,0.33954,0.998,0.065,-0.013,-0.018
4.6,0.88713,-0.35284,0.33943,0.998,0.065,-0.013,-0.018
4.65,0.89158,-0.35484,0.33914,0.998,0.065,-0.013,-0.018
4.7,0.89559,-0.35693,0.33866,0.998,0.065,-0.013,-0.018
4.75,0.89915,-0.35916,0.33801,0.998,0.065,-0.013,-0.018
4.8,0.90226,-0.36159,0.33717,0.998,0.065,-0.013,-0.018
4.85,0.90491,-0.36425,0.33612,0.998,0.065,-0.013,-0.018
4.9,0.90715,-0.36714,0.33483,0.998,0.065,-0.013,-0.018
4.95,0.90902,-0.37027,0.33326,0.998,0.065,-0.013,-0.018
5,0.91062,-0.3736,0.33135,0.998,0.065,-0.013,-0.018
