0.05,0.33536,-0.40885,0.49222,0.998,0.065,-0.013,-0.018
0.1,0.34961,-0.40287,0.49375,0.998,0.065,-0.013,-0.018
0.15,0.36392,-0.39727,0.49503,0.998,0.065,-0.013,-0.018
0.2,0.3782,-0.39213,0.49593,0.998,0.065,-0.013,-0.018
0.25,0.39242,-0.38756,0.49634,0.998,0.065,-0.013,-0.018
0.3,0.40657,-0.38363,0.49618,0.998,0.065,-0.013,-0.018
0.35,0.42066,-0.38039,0.49539,0.998,0.065,-0.013,-0.018
0.4,0.43471,-0.37789,0.49392,0.998,0.065,-0.013,-0.018
0.45,0.44875,-0.37615,0.49175,0.998,0.065,-0.013,-0.018
0.5,0.46279,-0.37513,0.48883,0.998,0.065,-0.013,-0.018
0.55,0.47682,-0.3748,0.48513,0.998,0.065,-0.013,-0.018
0.6,0.49077,-0.3751,0.48065,0.998,0.065,-0.013,-0.018
0.65,0.50455,-0.37603,0.47537,0.998,0.065,-0.013,-0.018
0.7,0.51802,-0.37762,0.46933,0.998,0.065,-0.013,-0.018
0.75,0.53107,-0.3799,0.46255,0.998,0.065,-0.013,-0.018
0.8,0.54358,-0.38289,0.45507,0.998,0.065,-0.013,-0.018
0.85,0.55543,-0.38656,0.44692,0.998,0.065,-0.013,-0.018
0.9,0.5665,-0.3908,0.43814,0.998,0.065,-0.013,-0.018
0.95,0.57668,-0.39547,0.42882,0.998,0.065,-0.013,-0.018
1,0.58586,-0.40033,0.41906,0.998,0.065,-0.013,-0.018
1.05,0.59401,-0.40509,0.40905,0.998,0.065,-0.013,-0.018
1.1,0.60112,-0.4095,0.39898,0.998,0.065,-0.013,-0.018
1.15,0.60718,-0.41339,0.38898,0.998,0.065,-0.013,-0.018
1.2,0.61224,-0.41669,0.37918,0.998,0.065,-0.013,-0.018
1.25,0.61634,-0.41943,0.36968,0.998,0.065,-0.013,-0.018
1.3,0.61956,-0.42167,0.36058,0.998,0.065,-0.013,-0.018
1.35,0.622,-0.42348,0.35197,0.998,0.065,-0.013,-0.018
1.4,0.62378,-0.42495,0.34394,0.998,0.065,-0.013,-0.018
1.45,0.62502,-0.42613,0.33658,0.998,0.065,-0.013,-0.018
1.5,0.6258,-0.42709,0.32993,0.998,0.065,-0.013,-0.018
1.55,0.62619,-0.42787,0.32409,0.998,0.065,-0.013,-0.018
1.6,0.62626,-0.42852,0.31913,0.998,0.065,-0.013,-0.018
1.65,0.62602,-0.42913,0.31516,0.998,0.065,-0.013,-0.018
1.7,0.62561,-0.42959,0.31214,0.998,0.065,-0.013,-0.018
1.75,0.62515,-0.42983,0.31002,0.998,0.065,-0.013,-0.018
1.8,0.62477,-0.42975,0.30879,0.998,0.065,-0.013,-0.018
1.85,0.62464,-0.42924,0.30845,0.998,0.065,-0.013,-0.018
1.9,0.62495,-0.42814,0.30899,0.998,0.065,-0.013,-0.018
1.95,0.6259,-0.42628,0.3104,0.998,0.065,-0.013,-0.018
2,0.62773,-0.4235,0.3126,0.998,0.065,-0.013,-0.018
2.05,0.63059,-0.41964,0.31546,0.998,0.065,-0.013,-0.018
2.1,0.63457,-0.41468,0.31873,0.998,0.065,-0.013,-0.018
2.15,0.63967,-0.40871,0.32208,0.998,0.065,-0.013,-0.018
2.2,0.64575,-0.40196,0.32514,0.998,0.065,-0.013,-0.018
2.25,0.65265,-0.39464,0.32762,0.998,0.065,-0.013,-0.018
2.3,0.66013,-0.38696,0.3293,0.998,0.065,-0.013,-0.018
2.35,0.66801,-0.37909,0.33006,0.998,0.065,-0.013,-0.018
2.4,0.67611,-0.37115,0.32981,0.998,0.065,-0.013,-0.018
2.45,0.68427,-0.36323,0.3285,0.998,0.065,-0.013,-0.018
2.5,0.69238,-0.35541,0.3261,0.998,0.065,-0.013,-0.018
2.55,0.70033,-0.34777,0.3226,0.998,0.065,-0.013,-0.018
2.6,0.708,-0.34038,0.31798,0.998,0.065,-0.013,-0.018
2.65,0.71527,-0.33337,0.31227,0.998,0.065,-0.013,-0.018
2.7,0.72199,-0.32687,0.30551,0.998,0.065,-0.013,-0.018
2.75,0.72801,-0.32103,0.2978,0.998,0.065,-0.013,-0.018
2.8,0.73319,-0.31603,0.28935,0.998,0.065,-0.013,-0.018
2.85,0.73739,-0.31201,0.28042,0.998,0.065,-0.013,-0.018
2.9,0.74058,-0.30905,0.27145,0.998,0.065,-0.013,-0.018
2.95,0.74282,-0.3071,0.26289,0.998,0.065,-0.013,-0.018
3,0.7443,-0.30605,0.25513,0.998,0.065,-0.013,-0.018
3.05,0.74525,-0.30571,0.24839,0.998,0.065,-0.013,-0.018
3.1,0.74588,-0.30589,0.24281,0.998,0.065,-0.013,-0.018
3.15,0.74642,-0.30638,0.23849,0.998,0.065,-0.013,-0.018
3.2,0.74702,-0.30705,0.23549,0.998,0.065,-0.013,-0.018
3.25,0.74784,-0.30771,0.23388,0.998,0.065,-0.013,-0.018
3.3,0.74901,-0.30822,0.23375,0.998,0.065,-0.013,-0.018
3.35,0.75053,-0.3087,0.23494,0.998,0.065,-0.013,-0.018
3.4,0.7524,-0.30924,0.23734,0.998,0.065,-0.013,-0.018
3.45,0.75465,-0.30991,0.24085,0.998,0.065,-0.013,-0.018
3.5,0.7573,-0.31075,0.24539,0.998,0.065,-0.013,-0.018
3.55,0.76041,-0.31181,0.25087,0.998,0.065,-0.013,-0.018
3.6,0.76401,-0.31308,0.25719,0.998,0.065,-0.013,-0.018
3.65,0.76814,-0.31457,0.26422,0.998,0.065,-0.013,-0.018
3.7,0.77282,-0.31625,0.27179,0.998,0.065,-0.013,-0.018
3.75,0.77804,-0.31807,0.27966,0.998,0.065,-0.013,-0.018
3.8,0.78377,-0.31999,0.28756,0.998,0.065,-0.013,-0.018
3.85,0.78998,-0.32199,0.29524,0.998,0.065,-0.013,-0.018
3.9,0.79658,-0.32405,0.30246,0.998,0.065,-0.013,-0.018
3.95,0.80349,-0.32613,0.30905,0.998,0.065,-0.013,-0.018
4,0.81063,-0.32825,0.31494,0.998,0.065,-0.013,-0.018
4.05,0.8179,-0.33038,0.32007,0.998,0.065,-0.013,-0.018
4.1,0.82523,-0.33253,0.32447,0.998,0.065,-0.013,-0.018
4.15,0.83252,-0.3347,0.32817,0.998,0.065,-0.013,-0.018
4.2,0.83972,-0.33689,0.33123,0.998,0.065,-0.013,-0.018
4.25,0.84674,-0.33912,0.33372,0.998,0.065,-0.013,-0.018
4.3,0.85355,-0.34136,0.33569,0.998,0.065,-0.013,-0.018
4.35,0.86009,-0.34361,0.33719,0.998,0.065,-0.013,-0.018
4.4,0.86634,-0.34584,0.33827,0.998,0.065,-0.013,-0.018
4.45,0.87226,-0.348,0.33897,0.998,0.065,-0.013,-0.018
4.5,0.87784,-0.35009,0.33932,0.998,0.065,-0.013,-0.018
4.55,0.88307,-0.35212,0.33939,0.998,0.065,-0.013,-0.018
4.6,0.88792,-0.35413,0.33921,0.998,0.065,-0.013,-0.018
4.65,0.89236,-0.35618,0.33883,0.998,0.065,-0.013,-0.018
4.7,0.89637,-0.35832,0.33824,0.998,0.065,-0.013,-0.018
4.75,0.89994,-0.36062,0.33746,0.998,0.065,-0.013,-0.018
4.8,0.90305,-0.36311,0.33646,0.998,0.065,-0.013,-0.018
4.85,0.90571,-0.36582,0.33522,0.998,0.065,-0.013,-0.018
4.9,0.90795,-0.36878,0.33371,0.998,0.065,-0.013,-0.018
4.95,0.90983,-0.37198,0.3319,0.998,0.065,-0.013,-0.018
5,0.91146,-0.37538,0.32974,0.998,0.065,-0.013,-0.018
