0.05,0.5059,-0.10007,0.41557,0.998,0.065,-0.013,-0.018
0.1,0.5076,-0.11079,0.4201,0.998,0.065,-0.013,-0.018
0.15,0.50957,-0.1218,0.42446,0.998,0.065,-0.013,-0.018
0.2,0.51193,-0.13313,0.42854,0.998,0.065,-0.013,-0.018
0.25,0.51475,-0.1448,0.43227,0.998,0.065,-0.013,-0.018
0.3,0.5181,-0.15683,0.43556,0.998,0.065,-0.013,-0.018
0.35,0.52201,-0.16922,0.43832,0.998,0.065,-0.013,-0.018
0.4,0.52648,-0.18199,0.44049,0.998,0.065,-0.013,-0.018
0.45,0.53152,-0.19513,0.44201,0.998,0.065,-0.013,-0.018
0.5,0.53706,-0.20862,0.4428,0.998,0.065,-0.013,-0.018
0.55,0.54302,-0.22242,0.44282,0.998,0.065,-0.013,-0.018
0.6,0.54933,-0.23647,0.44203,0.998,0.065,-0.013,-0.018
0.65,0.55592,-0.25066,0.4404,0.998,0.065,-0.013,-0.018
0.7,0.56273,-0.26488,0.4379,0.998,0.065,-0.013,-0.018
0.75,0.56971,-0.27903,0.43451,0.998,0.065,-0.013,-0.018
0.8,0.57678,-0.29298,0.43021,0.998,0.065,-0.013,-0.018
0.85,0.58382,-0.30663,0.425,0.998,0.065,-0.013,-0.018
0.9,0.5907,-0.31986,0.41888,0.998,0.065,-0.013,-0.018
0.95,0.5973,-0.33254,0.41194,0.998,0.065,-0.013,-0.018
1,0.60348,-0.34455,0.40428,0.998,0.065,-0.013,-0.018
1.05,0.60911,-0.35578,0.39613,0.998,0.065,-0.013,-0.018
1.1,0.61407,-0.36616,0.38771,0.998,0.065,-0.013,-0.018
1.15,0.61825,-0.37565,0.37921,0.998,0.065,-0.013,-0.018
1.2,0.6216,-0.38422,0.37078,0.998,0.065,-0.013,-0.018
1.25,0.62412,-0.39185,0.36251,0.998,0.065,-0.013,-0.018
1.3,0.62589,-0.39855,0.35449,0.998,0.065,-0.013,-0.018
1.35,0.62701,-0.40436,0.34681,0.998,0.065,-0.013,-0.018
1.4,0.62763,-0.40932,0.33954,0.998,0.065,-0.013,-0.018
1.45,0.62788,-0.41351,0.33278,0.998,0.065,-0.013,-0.018
1.5,0.62784,-0.41701,0.32661,0.998,0.065,-0.013,-0.018
1.55,0.62758,-0.41992,0.32115,0.998,0.065,-0.013,-0.018
1.6,0.62714,-0.42237,0.31654,0.998,0.065,-0.013,-0.018
1.65,0.62653,-0.42451,0.31296,0.998,0.065,-0.013,-0.018
1.7,0.62586,-0.42627,0.31032,0.998,0.065,-0.013,-0.018
1.75,0.62523,-0.42756,0.30855,0.998,0.065,-0.013,-0.018
1.8,0.62475,-0.4283,0.30765,0.998,0.065,-0.013,-0.018
1.85,0.62457,-0.4284,0.30758,0.998,0.065,-0.013,-0.018
1.9,0.62486,-0.42774,0.30835,0.998,0.065,-0.013,-0.018
1.95,0.62582,-0.42617,0.30993,0.998,0.065,-0.013,-0.018
2,0.62765,-0.42356,0.31226,0.998,0.065,-0.013,-0.018
2.05,0.63053,-0.41979,0.3152,0.998,0.065,-0.013,-0.018
2.1,0.63453,-0.41486,0.31853,0.998,0.065,-0.013,-0.018
2.15,0.63963,-0.4089,0.32192,0.998,0.065,-0.013,-0.018
2.2,0.64573,-0.40213,0.32501,0.998,0.065,-0.013,-0.018
2.25,0.65263,-0.3948,0.3275,0.998,0.065,-0.013,-0.018
2.3,0.66012,-0.3871,0.32919,0.998,0.065,-0.013,-0.018
2.35,0.668,-0.37921,0.32994,0.998,0.065,-0.013,-0.018
2.4,0.67608,-0.37125,0.32969,0.998,0.065,-0.013,-0.018
2.45,0.68424,-0.36331,0.32837,0.998,0.065,-0.013,-0.018
2.5,0.69234,-0.35547,0.32595,0.998,0.065,-0.013,-0.018
2.55,0.70027,-0.34779,0.32242,0.998,0.065,-0.013,-0.018
2.6,0.70792,-0.34036,0.31777,0.998,0.065,-0.013,-0.018
2.65,0.71517,-0.33328,0.31202,0.998,0.065,-0.013,-0.018
2.7,0.72187,-0.32667,0.30522,0.998,0.065,-0.013,-0.018
2.75,0.72787,-0.32069,0.29746,0.998,0.065,-0.013,-0.018
2.8,0.73302,-0.31548,0.28895,0.998,0.065,-0.013,-0.018
2.85,0.7372,-0.31118,0.27995,0.998,0.065,-0.013,-0.018
2.9,0.74037,-0.30784,0.2709,0.998,0.065,-0.013,-0.018
2.95,0.74261,-0.30541,0.26225,0.998,0.065,-0.013,-0.018
3,0.7441,-0.30376,0.25438,0.998,0.065,-0.013,-0.018
3.05,0.74506,-0.30274,0.24753,0.998,0.065,-0.013,-0.018
3.1,0.74572,-0.3022,0.24185,0.998,0.065,-0.013,-0.018
3.15,0.7463,-0.30203,0.23743,0.998,0.065,-0.013,-0.018
3.2,0.74693,-0.30216,0.23436,0.998,0.065,-0.013,-0.018
3.25,0.74775,-0.30255,0.23271,0.998,0.065,-0.013,-0.018
3.3,0.74887,-0.3032,0.2326,0.998,0.065,-0.013,-0.018
3.35,0.75031,-0.30406,0.23385,0.998,0.065,-0.013,-0.018
3.4,0.75208,-0.30511,0.23632,0.998,0.065,-0.013,-0.018
3.45,0.75424,-0.30634,0.23992,0.998,0.065,-0.013,-0.018
3.5,0.75682,-0.30774,0.24456,0.998,0.065,-0.013,-0.018
3.55,0.75986,-0.3093,0.25014,0.998,0.065,-0.013,-0.018
3.6,0.7634,-0.311,0.25655,0.998,0.065,-0.013,-0.018
3.65,0.76749,-0.31285,0.26367,0.998,0.065,-0.013,-0.018
3.7,0.77214,-0.31481,0.27131,0.998,0.065,-0.013,-0.018
3.75,0.77735,-0.31685,0.27925,0.998,0.065,-0.013,-0.018
3.8,0.7831,-0.31894,0.28722,0.998,0.065,-0.013,-0.018
3.85,0.78932,-0.32108,0.29495,0.998,0.065,-0.013,-0.018
3.9,0.79595,-0.32325,0.30221,0.998,0.065,-0.013,-0.018
3.95,0.8029,-0.32543,0.30885,0.998,0.065,-0.013,-0.018
4,0.81009,-0.32763,0.31477,0.998,0.065,-0.013,-0.018
4.05,0.81741,-0.32984,0.31994,0.998,0.065,-0.013,-0.018
4.1,0.8248,-0.33206,0.32437,0.998,0.065,-0.013,-0.018
4.15,0.83216,-0.33429,0.32811,0.998,0.065,-0.013,-0.018
4.2,0.83942,-0.33655,0.3312,0.998,0.065,-0.013,-0.018
4.25,0.84653,-0.33882,0.33372,0.998,0.065,-0.013,-0.018
4.3,0.85342,-0.34111,0.33573,0.998,0.065,-0.013,-0.018
4.35,0.86005,-0.3434,0.33728,0.998,0.065,-0.013,-0.018
4.4,0.86639,-0.34565,0.33841,0.998,0.065,-0.013,-0.018
4.45,0.87241,-0.34785,0.33916,0.998,0.065,-0.013,-0.018
4.5,0.87811,-0.34995,0.33958,0.998,0.065,-0.013,-0.018
4.55,0.88346,-0.352,0.33972,0.998,0.065,-0.013,-0.018
4.6,0.88844,-0.35401,0.33963,0.998,0.065,-0.013,-0.018
4.65,0.89303,-0.35605,0.33934,0.998,0.065,-0.013,-0.018
4.7,0.8972,-0.35817,0.33887,0.998,0.065,-0.013,-0.018
4.75,0.90095,-0.36043,0.33822,0.998,0.065,-0.013,-0.018
4.8,0.90427,-0.36286,0.33737,0.998,0.065,-0.013,-0.018
4.85,0.90716,-0.3655,0.3363,0.998,0.065,-0.013,-0.018
4.9,0.90965,-0.36838,0.33498,0.998,0.065,-0.013,-0.018
4.95,0.9118,-0.37147,0.33337,0.998,0.065,-0.013,-0.018
5,0.91369,-0.37476,0.33142,0.998,0.065,-0.013,-0.018
