0.05,0.40869,-0.12258,0.28377,0.998,0.065,-0.013,-0.018
0.1,0.41945,-0.12173,0.28722,0.998,0.065,-0.013,-0.018
0.15,0.43051,-0.12065,0.29047,0.998,0.065,-0.013,-0.018
0.2,0.44192,-0.11924,0.29341,0.998,0.065,-0.013,-0.018
0.25,0.4537,-0.11742,0.29595,0.998,0.065,-0.013,-0.018
0.3,0.46585,-0.11516,0.298,0.998,0.065,-0.013,-0.018
0.35,0.47841,-0.11243,0.29949,0.998,0.065,-0.013,-0.018
0.4,0.49136,-0.10921,0.30033,0.998,0.065,-0.013,-0.018
0.45,0.5047,-0.10553,0.30047,0.998,0.065,-0.013,-0.018
0.5,0.51842,-0.10144,0.29984,0.998,0.065,-0.013,-0.018
0.55,0.53245,-0.097015,0.2984,0.998,0.065,-0.013,-0.018
0.6,0.54672,-0.092338,0.29612,0.998,0.065,-0.013,-0.018
0.65,0.56112,-0.087467,0.29298,0.998,0.065,-0.013,-0.018
0.7,0.57555,-0.082442,0.28897,0.998,0.065,-0.013,-0.018
0.75,0.58988,-0.077309,0.28408,0.998,0.065,-0.013,-0.018
0.8,0.604,-0.072138,0.27831,0.998,0.065,-0.013,-0.018
0.85,0.61779,-0.067018,0.27168,0.998,0.065,-0.013,-0.018
0.9,0.63112,-0.062055,0.26421,0.998,0.065,-0.013,-0.018
0.95,0.64386,-0.057358,0.25599,0.998,0.065,-0.013,-0.018
1,0.65588,-0.053032,0.24718,0.998,0.065,-0.013,-0.018
1.05,0.66708,-0.049172,0.23799,0.998,0.065,-0.013,-0.018
1.1,0.67738,-0.045863,0.22869,0.998,0.065,-0.013,-0.018
1.15,0.68674,-0.043174,0.21949,0.998,0.065,-0.013,-0.018
1.2,0.69514,-0.041141,0.21056,0.998,0.065,-0.013,-0.018
1.25,0.70256,-0.039767,0.20201,0.998,0.065,-0.013,-0.018
1.3,0.709,-0.039017,0.19392,0.998,0.065,-0.013,-0.018
1.35,0.71448,-0.038816,0.18638,0.998,0.065,-0.013,-0.018
1.4,0.71903,-0.039058,0.17944,0.998,0.065,-0.013,-0.018
1.45,0.72273,-0.039608,0.17315,0.998,0.065,-0.013,-0.018
1.5,0.72566,-0.040328,0.16758,0.998,0.065,-0.013,-0.018
1.55,0.72797,-0.041091,0.16281,0.998,0.065,-0.013,-0.018
1.6,0.72984,-0.041775,0.15898,0.998,0.065,-0.013,-0.018
1.65,0.73151,-0.042267,0.15627,0.998,0.065,-0.013,-0.018
1.7,0.73286,-0.042527,0.15453,0.998,0.065,-0.013,-0.018
1.75,0.7338,-0.042512,0.15368,0.998,0.065,-0.013,-0.018
1.8,0.73427,-0.042173,0.15365,0.998,0.065,-0.013,-0.018
1.85,0.7342,-0.041455,0.15439,0.998,0.065,-0.013,-0.018
1.9,0.73354,-0.040288,0.15588,0.998,0.065,-0.013,-0.018
1.95,0.73223,-0.038583,0.15806,0.998,0.065,-0.013,-0.018
2,0.73021,-0.036233,0.16087,0.998,0.065,-0.013,-0.018
2.05,0.72743,-0.033122,0.1642,0.998,0.065,-0.013,-0.018
2.1,0.72388,-0.029145,0.16783,0.998,0.065,-0.013,-0.018
2.15,0.71961,-0.024253,0.17144,0.998,0.065,-0.013,-0.018
2.2,0.71473,-0.018489,0.17463,0.998,0.065,-0.013,-0.018
2.25,0.70931,-0.011982,0.17706,0.998,0.065,-0.013,-0.018
2.3,0.70346,-0.0049054,0.17848,0.998,0.065,-0.013,-0.018
2.35,0.69729,0.0025523,0.17874,0.998,0.065,-0.013,-0.018
2.4,0.69092,0.010208,0.17781,0.998,0.065,-0.013,-0.018
2.45,0.68447,0.017894,0.17568,0.998,0.065,-0.013,-0.018
2.5,0.67805,0.025462,0.17241,0.998,0.065,-0.013,-0.018
2.55,0.67175,0.032787,0.16804,0.998,0.065,-0.013,-0.018
2.6,0.66564,0.039766,0.16263,0.998,0.065,-0.013,-0.018
2.65,0.65978,0.04631,0.15624,0.998,0.065,-0.013,-0.018
2.7,0.65423,0.052343,0.14893,0.998,0.065,-0.013,-0.018
2.75,0.64904,0.057798,0.14081,0.998,0.065,-0.013,-0.018
2.8,0.64426,0.062619,0.13203,0.998,0.065,-0.013,-0.018
2.85,0.63996,0.066779,0.12284,0.998,0.065,-0.013,-0.018
2.9,0.63619,0.070297,0.11363,0.998,0.065,-0.013,-0.018
2.95,0.63295,0.073247,0.10485,0.998,0.065,-0.013,-0.018
3,0.63025,0.075716,0.0969,0.998,0.065,-0.013,-0.018
3.05,0.62805,0.077767,0.090074,0.998,0.065,-0.013,-0.018
3.1,0.62631,0.079448,0.084576,0.998,0.065,-0.013,-0.018
3.15,0.625,0.080816,0.080522,0.998,0.065,-0.013,-0.018
3.2,0.62403,0.081979,0.077933,0.998,0.065,-0.013,-0.018
3.25,0.62332,0.083122,0.076734,0.998,0.065,-0.013,-0.018
3.3,0.62273,0.084514,0.07677,0.998,0.065,-0.013,-0.018
3.35,0.62231,0.086105,0.078009,0.998,0.065,-0.013,-0.018
3.4,0.62208,0.087905,0.080386,0.998,0.065,-0.013,-0.018
3.45,0.62204,0.089947,0.083825,0.998,0.065,-0.013,-0.018
3.5,0.62219,0.092274,0.08824,0.998,0.065,-0.013,-0.018
3.55,0.62252,0.09493,0.093534,0.998,0.065,-0.013,-0.018
3.6,0.62303,0.097954,0.099595,0.998,0.065,-0.013,-0.018
3.65,0.62367,0.10137,0.10629,0.998,0.065,-0.013,-0.018
3.7,0.62443,0.10518,0.11346,0.998,0.065,-0.013,-0.018
3.75,0.62522,0.10935,0.12089,0.998,0.065,-0.013,-0.018
3.8,0.62596,0.11383,0.12836,0.998,0.065,-0.013,-0.018
3.85,0.62656,0.11852,0.13564,0.998,0.065,-0.013,-0.018
3.9,0.62691,0.12333,0.14253,0.998,0.065,-0.013,-0.018
3.95,0.62697,0.12818,0.14893,0.998,0.065,-0.013,-0.018
4,0.6267,0.13301,0.15475,0.998,0.065,-0.013,-0.018
4.05,0.62607,0.13776,0.15993,0.998,0.065,-0.013,-0.018
4.1,0.62509,0.14239,0.16441,0.998,0.065,-0.013,-0.018
4.15,0.62374,0.14686,0.16815,0.998,0.065,-0.013,-0.018
4.2,0.62204,0.15111,0.17113,0.998,0.065,-0.013,-0.018
4.25,0.62,0.15513,0.17338,0.998,0.065,-0.013,-0.018
4.3,0.61763,0.15889,0.17495,0.998,0.065,-0.013,-0.018
4.35,0.61493,0.16238,0.17592,0.998,0.065,-0.013,-0.018
4.4,0.61189,0.1656,0.17639,0.998,0.065,-0.013,-0.018
4.45,0.60852,0.16855,0.17643,0.998,0.065,-0.013,-0.018
4.5,0.6048,0.17126,0.17613,0.998,0.065,-0.013,-0.018
4.55,0.60074,0.17372,0.17554,0.998,0.065,-0.013,-0.018
4.6,0.59633,0.17598,0.17473,0.998,0.065,-0.013,-0.018
4.65,0.59158,0.17807,0.17372,0.998,0.065,-0.013,-0.018
4.7,0.5865,0.18002,0.17252,0.998,0.065,-0.013,-0.018
4.75,0.5811,0.18189,0.1711,0.998,0.065,-0.013,-0.018
4.8,0.5754,0.1837,0.16941,0.998,0.065,-0.013,-0.018
4.85,0.56943,0.1855,0.16742,0.998,0.065,-0.013,-0.018
4.9,0.56325,0.18728,0.16505,0.998,0.065,-0.013,-0.018
4.95,0.55691,0.18904,0.16226,0.998,0.065,-0.013,-0.018
5,0.55053,0.19073,0.15906,0.998,0.065,-0.013,-0.018
