0.05,0.42062,-0.12626,0.2903,0.998,0.065,-0.013,-0.018
0.1,0.43086,-0.12544,0.29346,0.998,0.065,-0.013,-0.018
0.15,0.44141,-0.12436,0.29643,0.998,0.065,-0.013,-0.018
0.2,0.45231,-0.12294,0.2991,0.998,0.065,-0.013,-0.018
0.25,0.46359,-0.12112,0.30138,0.998,0.065,-0.013,-0.018
0.3,0.47527,-0.11883,0.30318,0.998,0.065,-0.013,-0.018
0.35,0.48736,-0.11605,0.30444,0.998,0.065,-0.013,-0.018
0.4,0.49987,-0.11277,0.30506,0.998,0.065,-0.013,-0.018
0.45,0.51279,-0.10902,0.305,0.998,0.065,-0.013,-0.018
0.5,0.52609,-0.10485,0.30418,0.998,0.065,-0.013,-0.018
0.55,0.53972,-0.10034,0.30257,0.998,0.065,-0.013,-0.018
0.6,0.5536,-0.095577,0.30012,0.998,0.065,-0.013,-0.018
0.65,0.56764,-0.09061,0.29683,0.998,0.065,-0.013,-0.018
0.7,0.58171,-0.085486,0.29268,0.998,0.065,-0.013,-0.018
0.75,0.59572,-0.080252,0.28767,0.998,0.065,-0.013,-0.018
0.8,0.60955,-0.074978,0.2818,0.998,0.065,-0.013,-0.018
0.85,0.62307,-0.069759,0.27508,0.998,0.065,-0.013,-0.018
0.9,0.63617,-0.064701,0.26755,0.998,0.065,-0.013,-0.018
0.95,0.6487,-0.059913,0.25929,0.998,0.065,-0.013,-0.018
1,0.66054,-0.055502,0.25044,0.998,0.065,-0.013,-0.018
1.05,0.67158,-0.051558,0.24125,0.998,0.065,-0.013,-0.018
1.1,0.68173,-0.048166,0.23195,0.998,0.065,-0.013,-0.018
1.15,0.69097,-0.04539,0.22278,0.998,0.065,-0.013,-0.018
1.2,0.69925,-0.043264,0.2139,0.998,0.065,-0.013,-0.018
1.25,0.70657,-0.041791,0.20541,0.998,0.065,-0.013,-0.018
1.3,0.71293,-0.040936,0.19742,0.998,0.065,-0.013,-0.018
1.35,0.71834,-0.040629,0.18997,0.998,0.065,-0.013,-0.018
1.4,0.72284,-0.040764,0.18314,0.998,0.065,-0.013,-0.018
1.45,0.72648,-0.041211,0.17696,0.998,0.065,-0.013,-0.018
1.5,0.72936,-0.041831,0.17148,0.998,0.065,-0.013,-0.018
1.55,0.73158,-0.042488,0.16675,0.998,0.065,-0.013,-0.018
1.6,0.73326,-0.043045,0.16286,0.998,0.065,-0.013,-0.018
1.65,0.73458,-0.04336,0.15991,0.998,0.065,-0.013,-0.018
1.7,0.73548,-0.043422,0.15783,0.998,0.065,-0.013,-0.018
1.75,0.73594,-0.043207,0.15659,0.998,0.065,-0.013,-0.018
1.8,0.73593,-0.042683,0.15615,0.998,0.065,-0.013,-0.018
1.85,0.73542,-0.0418,0.1565,0.998,0.065,-0.013,-0.018
1.9,0.73439,-0.040495,0.15762,0.998,0.065,-0.013,-0.018
1.95,0.73276,-0.038679,0.15948,0.998,0.065,-0.013,-0.018
2,0.7305,-0.036245,0.16203,0.998,0.065,-0.013,-0.018
2.05,0.72754,-0.033071,0.16515,0.998,0.065,-0.013,-0.018
2.1,0.72386,-0.029047,0.16861,0.998,0.065,-0.013,-0.018
2.15,0.71952,-0.024118,0.17209,0.998,0.065,-0.013,-0.018
2.2,0.71458,-0.018323,0.17518,0.998,0.065,-0.013,-0.018
2.25,0.70913,-0.011788,0.17753,0.998,0.065,-0.013,-0.018
2.3,0.70325,-0.0046845,0.17889,0.998,0.065,-0.013,-0.018
2.35,0.69707,0.0027995,0.17912,0.998,0.065,-0.013,-0.018
2.4,0.69069,0.010483,0.17816,0.998,0.065,-0.013,-0.018
2.45,0.68423,0.018198,0.17603,0.998,0.065,-0.013,-0.018
2.5,0.67781,0.0258,0.17276,0.998,0.065,-0.013,-0.018
2.55,0.67149,0.033164,0.16841,0.998,0.065,-0.013,-0.018
2.6,0.66537,0.040189,0.16303,0.998,0.065,-0.013,-0.018
2.65,0.6595,0.046787,0.15667,0.998,0.065,-0.013,-0.018
2.7,0.65393,0.052883,0.14941,0.998,0.065,-0.013,-0.018
2.75,0.64872,0.05841,0.14133,0.998,0.065,-0.013,-0.018
2.8,0.64394,0.063314,0.13259,0.998,0.065,-0.013,-0.018
2.85,0.63963,0.067569,0.12346,0.998,0.065,-0.013,-0.018
2.9,0.63585,0.071195,0.11431,0.998,0.065,-0.013,-0.018
2.95,0.63263,0.074272,0.10558,0.998,0.065,-0.013,-0.018
3,0.62994,0.076886,0.097689,0.998,0.065,-0.013,-0.018
3.05,0.62777,0.079096,0.090917,0.998,0.065,-0.013,-0.018
3.1,0.62608,0.080935,0.085466,0.998,0.065,-0.013,-0.018
3.15,0.62481,0.082448,0.081446,0.998,0.065,-0.013,-0.018
3.2,0.6239,0.083716,0.078874,0.998,0.065,-0.013,-0.018
3.25,0.62324,0.084892,0.07767,0.998,0.065,-0.013,-0.018
3.3,0.62273,0.086198,0.077678,0.998,0.065,-0.013,-0.018
3.35,0.62238,0.087639,0.078869,0.998,0.065,-0.013,-0.018
3.4,0.62221,0.089256,0.081185,0.998,0.065,-0.013,-0.018
3.45,0.62222,0.091105,0.084555,0.998,0.065,-0.013,-0.018
3.5,0.62241,0.093245,0.088895,0.998,0.065,-0.013,-0.018
3.55,0.62277,0.09573,0.094112,0.998,0.065,-0.013,-0.018
3.6,0.62328,0.098603,0.1001,0.998,0.065,-0.013,-0.018
3.65,0.62394,0.10189,0.10672,0.998,0.065,-0.013,-0.018
3.7,0.62468,0.10559,0.11382,0.998,0.065,-0.013,-0.018
3.75,0.62546,0.10968,0.1212,0.998,0.065,-0.013,-0.018
3.8,0.62618,0.11409,0.12861,0.998,0.065,-0.013,-0.018
3.85,0.62675,0.11872,0.13584,0.998,0.065,-0.013,-0.018
3.9,0.62707,0.12348,0.14269,0.998,0.065,-0.013,-0.018
3.95,0.6271,0.12829,0.14905,0.998,0.065,-0.013,-0.018
4,0.62679,0.13308,0.15483,0.998,0.065,-0.013,-0.018
4.05,0.62612,0.1378,0.15997,0.998,0.065,-0.013,-0.018
4.1,0.62508,0.14241,0.16442,0.998,0.065,-0.013,-0.018
4.15,0.62368,0.14685,0.16813,0.998,0.065,-0.013,-0.018
4.2,0.62193,0.15108,0.1711,0.998,0.065,-0.013,-0.018
4.25,0.61983,0.15509,0.17334,0.998,0.065,-0.013,-0.018
4.3,0.61739,0.15884,0.17491,0.998,0.065,-0.013,-0.018
4.35,0.61462,0.16233,0.1759,0.998,0.065,-0.013,-0.018
4.4,0.61151,0.16556,0.17641,0.998,0.065,-0.013,-0.018
4.45,0.60806,0.16853,0.17652,0.998,0.065,-0.013,-0.018
4.5,0.60426,0.17125,0.1763,0.998,0.065,-0.013,-0.018
4.55,0.60012,0.17375,0.17584,0.998,0.065,-0.013,-0.018
4.6,0.59562,0.17604,0.1752,0.998,0.065,-0.013,-0.018
4.65,0.59079,0.17816,0.17443,0.998,0.065,-0.013,-0.018
4.7,0.58562,0.18016,0.17355,0.998,0.065,-0.013,-0.018
4.75,0.58013,0.18207,0.17256,0.998,0.065,-0.013,-0.018
4.8,0.57434,0.18393,0.17143,0.998,0.065,-0.013,-0.018
4.85,0.56829,0.18577,0.17013,0.998,0.065,-0.013,-0.018
4.9,0.56203,0.1876,0.16858,0.998,0.065,-0.013,-0.018
4.95,0.55562,0.18941,0.16675,0.998,0.065,-0.013,-0.018
5,0.54917,0.19114,0.16456,0.998,0.065,-0.013,-0.018
